Gaussian Generator(1.0): mean=1.0,stDev=1.0
Gaussian Generator(1.5): mean=1.5,stDev=1.0
Gaussian Generator(2.0): mean=2.0,stDev=1.0
1.5	0.5266975085973306
2.0	0.8504443441876997
2.0	0.6029378222000623
1.5	1.1631532449024966
1.0	0.4044485641019345
2.0	2.5397876530172785
1.5	1.1359909261251886
2.0	2.4833158119222185
1.5	2.292472945978356
2.0	2.065976179616117
2.0	1.9094371324328276
1.5	2.1026607598084714
1.5	-0.4148160561980512
1.0	0.4005403072746304
1.0	0.8395657943059576
2.0	1.6129729451924497
2.0	2.888753312192657
1.0	0.4270695505944525
2.0	3.84380711299395
1.5	2.3521893030172945
1.5	1.848991294459231
2.0	2.165540063890713
1.5	1.1266697384316826
2.0	0.3782424639386601
2.0	1.448255036651975
2.0	2.4096947206944135
2.0	0.4923407717100423
1.0	1.200949485225306
2.0	0.7140513316529056
1.0	1.0043891958346571
1.0	1.5696928718271121
1.0	-0.07297706185101727
2.0	1.4430784107315162
2.0	0.5364425298445139
1.5	1.2674666905884444
2.0	1.5094955013008926
1.0	0.20689171787198868
2.0	2.343059000070486
2.0	2.248697168935851
1.0	1.4461128349194392
2.0	1.25269247259225
1.5	1.631176635538497
1.0	1.1071315004534212
1.5	0.33514865075197053
2.0	2.25638216195283
1.5	1.532869075649364
1.0	0.04987847072347007
1.5	0.9242858398532079
1.0	1.9512276648201046
2.0	2.7802069103370353
2.0	0.31034978393778645
1.5	2.0254078252838106
2.0	1.1125725440985446
1.5	0.37105145660358985
2.0	0.5227810244511599
1.5	2.269984344819323
1.0	1.5766607183921684
1.5	1.7670347027413524
1.0	-0.3759721516264949
1.0	0.6769020676699555
1.0	1.2871709095674675
1.5	2.156030447828045
1.5	-0.5547951551277115
1.5	3.0752966908169315
2.0	1.1110279294723187
2.0	2.6473427409119155
1.0	1.0049698930267088
2.0	4.371426620581783
1.0	-1.5854029927843665
1.0	1.6669642406677858
1.0	1.3317356878401279
1.0	1.4818568636379217
2.0	2.6298896706644492
1.5	0.24102635301537711
2.0	1.474714008573556
2.0	1.0319353362861428
1.0	1.704462424212998
1.5	2.9917343257170588
2.0	2.967549118623052
1.5	-0.15590588284198148
2.0	3.2505824871798685
1.0	1.2483239226184852
1.5	0.16219328037331926
2.0	1.4751453971452926
1.5	2.530446547481314
2.0	1.8252573167529962
2.0	0.3783634002352321
1.0	-0.10299656820116887
2.0	3.7266476334892715
2.0	1.0982559256231854
1.5	1.5644625565942585
2.0	1.9966617588472428
1.0	1.3651510296037785
1.0	0.8160127772174228
2.0	2.4610589654424744
2.0	3.3966759316940203
2.0	2.0188731670188282
1.0	1.254000043298904
2.0	0.8592675800257941
1.0	0.9301347496638585
1.5	2.0147777941454414
2.0	2.6061491509114303
1.0	0.940371853944627
1.0	0.7617391967855447
1.5	1.4559689338839095
1.5	1.7499811679798296
1.0	1.2216503807904946
2.0	3.0107553085011056
1.0	1.8519051460345017
2.0	0.7827672583329397
2.0	1.741001807909639
1.5	3.302985424397566
1.5	1.9339066332961914
2.0	2.6719865125249687
1.0	0.8194062085832967
1.0	1.5691386845754802
1.0	0.6747848264588925
2.0	3.0013318092032977
1.5	1.2479336534357008
1.0	3.6539588151297786
1.0	-0.11519158697530996
1.0	1.379979228044485
2.0	1.6223068309298099
1.0	1.3926270241381578
2.0	2.773799249601719
1.0	-0.23631539287939396
2.0	2.25264161625698
2.0	2.295987180100793
1.0	0.8529472296259517
1.5	1.032719726386866
1.0	1.608542299505745
1.0	-0.3955682466378385
1.0	1.5432549045783688
1.5	3.464545479372267
1.5	2.396955468848751
1.5	-0.3814967524102073
1.5	2.3701027153035064
2.0	1.8796270090607483
1.5	2.6084970032652923
2.0	1.0719708718798922
2.0	0.9673853898122977
1.5	0.5114222577540204
1.5	0.42262740087086903
1.0	-0.23119846242358566
2.0	1.3065410333142657
1.0	1.4426869761989607
1.5	2.59525077502368
2.0	2.8487115437799395
1.5	0.5697270902144457
1.0	1.3734922728905716
1.0	0.6692955058755382
1.0	2.176772594036868
1.0	1.1321790588383278
1.0	-0.7574086000251063
2.0	1.6462346796928324
1.5	1.0622404322851966
2.0	-0.032568736606751525
1.5	0.5311489347689802
1.5	2.1919943395990553
1.0	-0.8741563606971665
2.0	1.6534290306871813
2.0	0.9469306531533825
2.0	2.3612815672287
1.5	0.8607215070133508
1.0	1.283905577849604
1.0	2.134529917908403
1.5	1.2856509138590815
1.0	-2.5216452747474287
1.0	0.3190606797205584
2.0	2.2060288530633088
1.5	1.350151812504596
2.0	2.6928384778656413
2.0	1.160744145197549
1.5	2.5473174154111127
1.0	0.6542587352950651
2.0	1.3567781746454126
2.0	3.050045548638108
2.0	2.643736156756622
1.5	1.8058961526928061
1.0	2.5521568205247593
1.5	2.481099887215228
2.0	3.3665754941315678
1.0	0.4681811116231921
1.0	0.5769059997486315
1.0	-0.4193210223179993
1.5	1.996857459340125
1.0	-0.8356075900064572
2.0	0.46041207306071463
1.5	1.989272354846822
2.0	3.3461200061703886
1.5	2.222998799652036
2.0	1.1534398608106682
2.0	1.470299033933133
1.0	0.17222572759523536
1.5	2.4059867920407605
2.0	2.66990013993272
1.0	1.9878448785395193
2.0	3.666432596366712
2.0	1.4938465498412656
1.5	2.6816858470642506
2.0	1.585561829092284
1.5	-0.8878071397418208
1.5	1.4241083395557443
1.0	0.8770801099662664
2.0	2.230816468394183
1.5	0.9688035134119717
1.0	2.416270762937449
1.0	0.8674080435359333
1.5	1.428987122358593
2.0	1.6149979284300187
1.0	1.1061171467406774
1.0	-1.5937734956891574
1.0	1.7827519460462509
1.0	2.0404822994552596
2.0	3.9841676496667926
1.0	-0.615155644737698
2.0	1.3876924101841435
1.0	2.589768321627318
1.0	1.0818107179032492
2.0	2.820811922870978
2.0	1.2273998299796163
1.5	1.177644927238859
1.5	-0.9589527764213721
1.0	0.7294766585165435
1.0	0.5129339574920125
1.5	1.9763983379262984
1.0	0.723632290098723
2.0	2.237355448871412
2.0	2.9412040432963256
1.5	1.0086572995113783
1.0	1.217599868643078
1.5	0.45176507022929635
1.0	0.723734023983841
1.5	2.2485582976443395
1.0	-0.6796255578624211
2.0	1.5373602553793355
1.5	2.4219265835755373
2.0	0.8834182114072309
1.0	1.2697891562380812
1.0	1.332617835704622
2.0	2.7908073245425973
1.5	2.6202645253067898
1.0	1.0555400658112475
1.0	-0.5345369550498311
1.0	1.9469301383840691
1.0	2.0137930626938774
1.0	1.6708936701813486
1.0	0.5821450688437184
1.5	2.1201671711199945
2.0	2.6724634364648665
1.0	1.479239280801916
1.5	1.0273217498597633
1.5	1.0570504809599794
2.0	2.0553091941755395
1.5	1.9003386354236134
1.0	1.5804028273030752
2.0	1.3340611612334716
1.5	1.2920096953056692
2.0	1.1324603470566257
2.0	2.832292083583145
1.0	0.6200897862676459
2.0	1.2717505008397867
1.0	0.5468503231221692
1.0	2.2605464510954247
2.0	2.01470396485246
2.0	3.1080501266668765
2.0	2.506701172294574
1.0	1.415381685955453
1.5	-1.3192180319432185
1.0	0.3784132041589283
2.0	1.7166815045018073
2.0	2.3877233968631284
1.0	0.7512739617915951
1.0	0.8989503405288432
1.5	2.8995993711521257
2.0	2.3684031732614503
1.0	0.2223173681584355
2.0	1.9409852342323581
1.0	-0.21113322648425092
1.0	1.7640345926249088
2.0	2.2443986306320234
2.0	0.45788259768377815
2.0	0.8260585814451029
1.0	1.4721626686639402
1.0	0.7939577733725272
1.5	2.9280751720209954
2.0	3.317341428351951
1.0	-0.5887069351175795
1.0	0.6223550452146256
2.0	1.620205148418064
1.0	1.9764152190014772
1.0	1.2933602426053301
2.0	2.510994969001574
1.5	-0.4703611451063985
2.0	3.0418804144439595
1.0	0.26283883216248805
1.5	0.8718205688657581
2.0	3.2514402161560136
1.5	2.3049716144334593
1.5	1.8229904424879801
2.0	1.5989497175783338
1.0	1.0141961772669565
1.0	0.7809647731322901
2.0	2.862675483809666
1.0	1.665777229233483
2.0	1.0089718387695195
1.5	0.8531916176911629
1.5	2.227229557071082
1.0	-0.47850739521090757
1.0	1.9277963706235322
1.0	-1.29034044842721
1.0	0.47654313645897417
2.0	3.131599268590574
2.0	2.4612862474416937
1.5	1.0097512014475825
1.0	0.9411891539768462
1.5	0.530575652440667
1.0	1.3958780489229794
1.0	-0.061860673658070686
1.0	1.350624060140147
1.5	0.07039293495761445
1.0	3.1556328776115032
1.5	2.9424838360357795
1.5	0.5422927956152233
2.0	1.455166245439632
1.0	0.44554133995182166
2.0	2.9644376133639394
1.0	3.757109313508982
2.0	1.7459164187283172
1.0	1.5216717701745803
1.0	3.417734290374447
2.0	1.293581392257304
2.0	0.30735299242333713
2.0	1.3736398765012985
1.5	2.0984332796341794
1.5	3.053238128220465
1.5	2.0581355018299328
1.5	1.0639699484330147
2.0	1.9844647811613132
1.5	2.072040858258996
2.0	0.5861373345371312
1.0	1.3812055935559617
1.5	1.7139627440403835
1.5	1.0596300203050182
1.0	1.4302724022929425
1.5	1.4184116879337727
2.0	1.3406356067586402
1.5	1.2756705011536427
1.0	-0.2979270929476905
2.0	1.503534719940518
2.0	2.343562241800751
2.0	2.0651450478745237
1.5	1.7087276721489422
1.5	0.22438885307561995
1.0	2.215230033801306
1.0	2.0634025968901266
2.0	2.6573154822931437
1.0	-1.4527923947886174
1.0	1.5403024562827812
1.0	0.16550566322754368
1.5	1.4867419835227698
2.0	2.731693310181193
1.0	2.076809630752767
2.0	3.394768111369987
1.5	2.013883707706985
1.5	1.3481118299390502
2.0	0.569896648951763
1.0	0.37688585857499757
2.0	2.30544375547403
2.0	0.6206157593190258
1.0	1.5526015973870428
1.0	1.0584246574029617
1.5	1.4220356607419422
2.0	2.832229965914807
1.5	0.6982864428990173
1.0	0.7740351775619054
1.0	2.3768307629809815
1.5	1.1547685616943526
1.5	1.506543216071149
2.0	2.5316359330214504
2.0	2.5651656301829684
1.0	2.858955029220194
2.0	2.4049471199568915
1.0	0.5373055270708063
1.5	-0.4828522070608052
2.0	3.0174219398591937
2.0	1.7555997381918291
1.5	2.5080683027297583
1.0	1.9159548750830193
1.0	1.985052077124021
1.0	0.22603578991564077
2.0	2.9971048606661785
2.0	2.092253842515375
1.0	0.6800034579965435
2.0	2.606716727869095
1.0	1.8054267506015553
2.0	1.8369456625669498
2.0	2.4935017969874997
2.0	3.1177665621222896
1.5	0.8832036193098384
1.0	3.0260202131032634
2.0	2.520511080400782
1.0	1.6057291432867216
2.0	2.3821112172941517
1.5	2.27661191624991
2.0	3.1322851397996474
1.0	0.277782477076557
1.5	0.1879910665532556
1.5	1.0162870684921026
2.0	1.9092661071343684
1.0	0.22474459363242505
2.0	2.188249779168985
1.0	0.7659150343699302
1.5	0.8746170283130081
1.0	1.6226102116340466
2.0	1.8350487070935233
2.0	1.3900855809058348
2.0	3.1549506501995976
2.0	1.6698387434889064
1.5	2.4705482454998444
2.0	1.628669328732802
2.0	3.208127508747965
1.5	3.7164966770443564
1.5	1.3521275213383728
1.0	0.678657085663199
2.0	1.2020458054474856
1.0	1.1599383190638326
1.5	0.07259297043534763
1.5	1.7596728292679527
1.5	-0.39194077203602684
1.0	0.36191165745535014
2.0	0.3935983876640876
1.0	-1.1993414363174728
2.0	2.7664003607861045
2.0	0.9024482913869891
1.0	-0.07301372552670626
2.0	0.9769581182582003
1.0	0.545998387764981
1.0	2.0377757294639824
1.0	1.2378939935969338
1.5	2.532272033786493
2.0	3.7170767164644305
2.0	1.9148171609529399
2.0	2.552840442468618
1.0	2.4587453554694996
2.0	1.977879474039996
1.5	2.303671274412853
1.5	2.3459465180307353
1.5	1.9357388676221787
2.0	2.1875585487386138
2.0	1.5771311105387966
2.0	1.93088228606165
2.0	1.7903837008224615
2.0	2.7798249711332677
1.0	0.5247279118740918
2.0	1.801718644991226
1.0	1.6846336505973785
1.0	1.459314899462897
1.5	0.08506980116408047
1.5	1.9982679088575928
1.5	2.555271552856079
1.0	0.3300188954603993
2.0	0.43803739205153147
1.5	0.2573041334705952
2.0	3.2090692136690704
2.0	2.052538527962492
1.5	1.159695342518955
2.0	2.2165553631285335
1.0	0.6664806921926252
1.0	-0.6053883148330177
2.0	3.4997717248080598
1.5	0.3547369463781853
1.0	-0.3041797319805981
2.0	3.6447191637477223
1.5	-0.007438149728561605
1.0	3.2644819257115536
1.5	0.6068566625987155
1.0	0.3087866202962074
1.0	-0.6485064123166828
1.5	0.8576936119913002
1.5	0.03992553097787055
1.5	2.2596664304433016
1.5	0.8926480079837619
1.5	1.7142014738146778
1.0	0.27576713757136506
2.0	2.8574114127082195
2.0	3.4902846168642583
1.0	0.8897049019081086
1.0	0.190949557112163
1.5	0.8684152232967721
1.0	1.7167781805655329
1.0	0.6026118097209723
2.0	1.0688312730163227
1.5	3.6446517089663972
1.0	0.8794141112068171
2.0	1.3964075999902485
1.5	1.0584478024291235
1.5	2.7359627777635502
2.0	3.191537486178974
1.5	2.8882873578437294
1.5	-0.37545911881917826
1.5	2.297198906816975
1.0	1.0590934832212013
1.0	2.3102558335338177
2.0	2.257121509208619
1.0	0.25008788143703287
1.5	0.29365051135070286
2.0	3.1408695878056183
2.0	0.893039559843972
1.5	2.819886214016856
2.0	1.998705632753305
1.5	1.2863507183689338
1.5	1.3290308949338765
1.0	1.035474241192477
1.0	1.2337759403694626
2.0	2.332815478519666
1.0	0.6632511974061752
1.5	2.5563219070807666
1.0	-2.027196687025863
2.0	0.9273763378527506
1.5	2.5633885177664624
1.0	-1.0394044592869474
2.0	0.5415524769228315
2.0	3.203795385934426
1.0	0.0475579212602224
1.0	0.1296936563072093
1.0	1.9868277922311495
1.5	1.2845291527872982
1.0	1.912653140240721
1.0	1.7625424733826116
1.0	2.504170717925108
2.0	0.7707732659610447
1.5	3.6132289868930716
1.0	-0.8893318152626808
1.0	1.2452810010555946
1.5	1.1123366454839534
1.0	2.761385340763719
1.5	2.5422126462897845
1.5	0.9323496056980595
1.5	2.367724812676169
1.0	-0.38159930709530854
1.0	2.6433292848249166
2.0	0.93835026630895
1.0	-0.05381264526705354
1.0	0.18762092730002533
2.0	4.378316752355246
1.0	0.7771897270202878
1.5	1.986227630782687
1.0	0.2965349138396506
2.0	1.4557807262385647
2.0	2.952150433480713
2.0	2.875904058373825
1.5	0.509451481128873
1.5	1.9084875751590238
1.0	1.4513574114646492
1.5	2.2748925226301706
2.0	1.2893609227549456
1.5	2.2298249952431703
2.0	1.9621748202855602
1.5	2.744740307044199
2.0	2.3592031186833067
2.0	2.8910478002414273
1.0	3.4677848779399647
1.5	1.5453250395335618
1.0	1.1085080738392252
1.5	1.7900838506308494
1.5	1.2070604039737367
2.0	0.453397176617542
2.0	1.201701416892849
2.0	1.971449869430654
1.0	1.0371619008201487
1.0	2.1531955038909034
2.0	0.5456743333118368
1.0	0.5808118022586128
1.5	-0.51556653916015
1.0	1.7363369954075951
2.0	2.5417564086735567
1.5	1.6452154429444974
2.0	3.130631790903238
1.0	0.9699686145310195
2.0	2.7533992786528096
1.5	1.8702845810243358
1.0	0.40391522609264896
1.0	0.2829377804023592
2.0	0.48753920210071033
1.0	-0.5172413591957934
1.0	-0.1572831235192802
1.5	-0.5590333006491464
2.0	1.9504923406614574
1.5	0.8872473985789433
1.5	1.1114789577815638
1.5	1.0910843820475682
1.0	0.17787220246760338
1.0	1.042204524509025
2.0	2.629267809951833
1.0	1.2133937607390453
1.5	2.9105045464948054
1.0	-0.06589664034384413
2.0	2.220556558786595
1.5	1.672539669621694
1.0	0.04410638132177391
2.0	3.265293100097517
1.5	3.373065666176962
1.5	0.9659350227744424
1.0	0.8737761593071246
1.0	1.9185148848301172
1.5	3.024185071145954
1.0	0.8000212567257988
2.0	-0.2085152586665573
1.0	0.7797316901641442
1.0	0.28526616198662724
1.5	4.071891219666727
1.5	2.7377540015962074
1.5	2.1821518399396957
2.0	2.8733494870428076
1.0	1.6221559758253803
1.0	0.974684652631941
1.0	-0.4411706432131992
1.0	0.5457273008028247
1.0	-0.32104194306991896
1.5	2.457269393591876
1.0	2.5852546946556703
1.0	1.7619471716287056
1.5	2.354517506874648
1.5	3.0283144268494433
1.0	1.1221415864211306
2.0	1.8191395295605477
1.5	-0.1356539729744597
2.0	1.8936616870026077
1.5	2.2152603678713967
2.0	1.7374701348355381
1.5	0.21662984914919714
1.0	0.2958319744254413
1.0	0.2875327190535937
1.0	-0.012360649002262969
1.5	1.1330895370476788
1.5	1.1163885660229842
1.0	0.3399974358643363
1.5	2.6337983568936902
1.0	-0.6240082170885051
1.5	2.1608941705190072
1.0	1.6779807695732598
2.0	3.696311830667722
1.0	2.7732431324266402
2.0	0.6842095051552544
1.5	2.9693252535946852
2.0	1.2345593629975926
1.5	2.5947902483072447
1.0	1.0062050850420463
2.0	3.0721344484426565
1.0	0.5820481675878518
2.0	2.935476940754033
1.5	1.0317668921584082
1.0	0.44817080902842243
1.5	-0.11563696570011484
1.5	2.2908303422373444
1.5	3.3553652044314144
1.0	0.08171042697157782
1.5	1.8327090047385333
2.0	2.04479499939736
1.0	2.3565468901274693
2.0	2.6130516743982013
1.0	1.492201897483898
1.0	0.9518994631437181
2.0	2.104050235957972
1.5	1.6727699786882742
1.5	1.7206201799037082
2.0	1.8967563017795501
2.0	1.8476937609484658
2.0	2.1384030951425883
1.0	0.43530078458160903
1.5	1.4912684225598087
1.0	-0.5557673228029767
1.5	2.0827817681978815
1.5	1.4337581083367823
1.0	-0.4697324373792382
1.0	0.9912860477096683
1.0	0.10585778634529974
2.0	1.5616811488191522
2.0	2.8013101082672844
1.0	-0.14772874661390434
2.0	1.5063348892589994
1.0	-0.26730289349992664
1.5	1.7519266750697726
1.5	0.9652426246527913
1.0	0.8075070902686116
2.0	1.7969285026520827
1.0	0.5738589519773288
1.5	2.552860292598356
1.5	0.9447732376665386
1.5	1.2366113925205147
1.0	0.7916006400610653
2.0	1.1248870413699332
2.0	3.1821388499258787
1.5	1.5125406693342056
2.0	2.8749841050446934
1.5	2.5408406980021128
2.0	-0.07633303718606665
1.5	2.445509718546357
2.0	2.9984073288858157
1.5	2.066709746995063
1.5	1.2276410234089896
1.5	1.460546906044596
1.5	1.3298854216899685
1.5	2.129022666656323
1.5	0.943376592529585
1.0	2.2666337191145876
1.0	1.5898451327240504
2.0	2.2044492767583095
1.0	0.30769764030037094
1.5	1.9000483998451587
2.0	2.0204341650869484
1.5	1.889133362378978
1.0	1.850791780599128
1.5	2.9198490445158978
1.0	2.3891520966567357
1.0	2.9031015033058174
1.0	1.7346194804969812
1.5	0.516123082959362
1.0	0.03199058469697491
1.5	1.269822938664308
1.0	1.0743223004094316
2.0	2.063984499064975
1.0	2.1201567259377008
1.5	-0.6842714904497047
1.5	1.9341028050763684
1.5	0.5813472131615085
1.0	-0.5319988048211199
1.5	0.46460494240961103
2.0	1.46684378386181
2.0	4.218343540287947
1.5	0.6562119111882703
2.0	0.8952728078873993
1.5	-0.11889429926001172
1.0	1.0455724482975706
2.0	1.3269744948959545
2.0	0.8804178618731
2.0	2.0824275258018163
1.5	1.4858569780047526
1.5	1.7433432764833614
2.0	1.2958978028362194
1.0	0.6364008653223794
1.0	2.9701180973834544
1.0	2.912069113050508
1.5	2.8987555235152556
1.5	0.31593056786191576
2.0	1.91825596787496
1.0	0.5281444327167305
1.0	0.6944412593536828
1.5	3.8864299796064916
1.5	1.9079933096599466
1.5	2.3719721014321795
1.0	0.20019706560163353
1.5	1.851742980664999
2.0	3.70460879574812
1.0	1.0685363670279961
1.0	0.11416222225328254
1.0	-0.7285856881526265
1.0	1.5876816932942075
2.0	0.6749226718706602
2.0	2.1658735820695574
1.0	1.29045708890718
2.0	3.1128250193369276
2.0	2.2544162860737367
1.5	3.3107590440494477
1.5	0.7336938979346013
1.0	2.3805059275723863
2.0	0.6066374819799578
2.0	2.6451125253264443
1.5	2.9146025556645965
2.0	2.975904700352946
1.5	2.0462795736083645
1.5	0.7210455469920686
1.0	1.3160600456044491
1.0	2.7291096530160353
1.0	1.6123882982897793
2.0	2.36435422062785
1.5	1.3849788009604609
1.0	0.5005717710666159
1.0	1.1966996669878456
1.0	0.5316148967124062
1.0	1.9309842364673484
1.0	1.2263240177097463
1.0	1.5120119942481427
1.5	2.4511225468326385
2.0	2.4342153415630716
2.0	0.4726561096372437
2.0	1.4982035897562993
1.5	2.351599452257724
1.0	1.3991677931914626
1.0	0.9192050764179241
2.0	0.6328271230650946
1.0	-0.36530248745791316
1.5	-0.02264037298139221
1.0	0.9063403376416068
1.0	-0.19517716232032112
2.0	1.7381294736115014
1.0	0.5078805404708985
1.0	0.7687197381826179
1.5	1.979031923952326
1.5	1.4249589203822133
1.0	1.2139728604564142
1.5	2.494877465142599
1.5	1.8438136388702608
1.0	0.36759049447764147
1.5	3.7428103418582417
1.5	0.894797300798818
1.5	2.67798367808573
2.0	1.0020164646139837
1.5	0.10923554490869014
2.0	2.00942711316374
2.0	3.1721947842329907
1.0	0.46845212164288086
2.0	3.3391072312839998
1.5	1.4624430421195547
1.5	2.5481835183541373
2.0	1.2772067181211741
1.5	1.6929747326296405
1.0	1.3743381898063194
2.0	3.3327655609393565
2.0	1.9837075960365687
1.5	1.4104805207559676
1.0	1.8903692204030584
1.5	1.8232570526900456
1.5	0.9619565713120953
1.0	1.098777691377591
2.0	1.8604385926493991
2.0	1.71180044421003
2.0	1.5908808542707833
1.5	1.2646275315615358
1.5	0.5242111264679723
2.0	0.8974600211567079
1.5	1.5657616814423052
1.5	1.6815686703524126
1.5	0.6718808897866653
1.0	0.9345317035541109
1.5	3.5645029867280478
2.0	0.17399977764592234
2.0	2.3686880176986866
1.0	0.6785476375837014
1.5	1.8697484128569448
2.0	2.026998118153908
1.5	1.500535309219215
2.0	1.8171656268666034
1.5	2.072364539845917
2.0	1.335503333056981
1.0	1.8213586229769345
1.0	1.5777350974789557
1.5	2.5437808775715496
2.0	1.9361416327185175
2.0	2.3103499313094367
1.0	1.2915144488663821
1.5	1.1185062765298737
2.0	-0.06889015984077362
2.0	2.47445840503098
1.5	0.5123809886337356
1.5	1.4590328887074904
2.0	2.1744143066947506
1.0	1.7266101846628406
2.0	1.877557085859695
1.0	2.164308407116224
1.5	0.7512840516367559
1.5	1.502402403175041
1.5	2.428903982134055
2.0	2.3987024920841966
1.0	0.3239794342920179
2.0	0.9701876294600902
2.0	2.0762450208569305
1.0	-0.0328756160809347
1.0	-1.2859345558839417
1.0	-0.25989966248971164
2.0	1.8226931266272643
1.5	2.3987781616945876
2.0	2.4534020130193115
2.0	3.6771518111196353
2.0	2.8531742723471414
1.0	2.5366528336476635
2.0	2.53796919364794
1.5	1.2298219246276758
1.5	1.4364491050198418
1.5	1.9355060965969044
1.0	0.8491345339926838
1.5	1.3818236113884
2.0	3.564964790993737
2.0	1.5058135987487868
1.0	1.8217144087879844
1.5	1.8467064193582627
1.0	1.3096676875514117
1.0	1.0362684809562277
1.5	-0.13940311951541906
1.5	1.1868667863921687
2.0	0.4082899720314228
1.5	3.49475516442871
1.5	1.0110035916921687
1.5	1.16197030459955
1.5	2.7457950945386735
1.0	1.3239371073814545
2.0	3.303108290075463
1.0	2.5987121269216598
1.5	3.67543169418921
1.5	1.3349671569956794
2.0	3.3410591326059684
2.0	2.0969696239868454
1.0	0.6252812524921685
1.0	1.260490756891388
1.5	2.324511067993817
1.5	1.5002235868722882
2.0	0.3162768641688818
2.0	3.077121539080867
1.5	1.723283188285405
2.0	-0.18949434855673575
1.0	1.4307596111690917
2.0	2.6943136508993137
2.0	2.6719866578117837
2.0	2.727210501510764
1.5	2.176287910257395
1.0	0.9017273778878785
1.0	1.2812281163793995
1.0	1.0064915185258547
1.5	3.257405364177087
1.0	0.4051515385350436
1.5	1.7434824866393086
1.5	-0.26082216429376226
1.5	1.457420721993102
1.0	0.100225631912774
2.0	2.1275318766153766
1.0	1.4222356518342383
2.0	1.269420757801769
1.5	0.8814057422274059
1.5	-1.1567638271867646
1.0	0.9601173043040119
2.0	0.7783129626934098
1.0	2.547448009763123
2.0	2.485327572567045
1.0	3.680700014159641
1.5	-0.0963453656982114
1.0	-0.6099077299638127
2.0	1.4351091424357532
2.0	2.10049103822565
1.0	1.654706997788654
2.0	1.1450065995307974
1.5	2.107239255988292
1.5	2.1850434061802977
1.0	0.8941039261305396
2.0	3.6782648224594343
2.0	0.9304995304123214
2.0	2.1381656174395305
1.5	-0.20293742756076805
1.0	-0.9640963793994346
1.0	-1.6889994554348853
2.0	2.055889135537272
1.5	1.7345234611626976
2.0	2.6465254989935256
2.0	0.4069298766022389
1.0	1.7239608198063805
2.0	3.1422729501080915
1.0	2.3417969694842635
1.5	1.7184024115452106
2.0	3.0870865035251773
1.0	1.415185081953021
1.5	3.353921094862267
1.0	2.144678549263396
1.5	0.8130393711135834
2.0	-0.545588841060562
1.5	0.028758682324389717
2.0	2.002105809702239
1.0	0.9588713881502346
2.0	1.6103365557622593
1.5	1.7404806135866253
2.0	0.9306288046746942
1.0	2.005971982988801
1.5	1.1515381826393651
1.0	0.6341184063052634
1.5	1.06362535149718
2.0	1.845537564395882
1.5	1.8401587128763255
2.0	1.2128653583098825
1.0	-0.48388331632012105
1.0	0.2030129190149852
2.0	1.3262026638314839
1.0	2.031212424940571
2.0	1.5187075899018845
1.0	1.635671758946484
1.0	1.6450703191080962
1.0	1.5685963973470858
2.0	1.371483066458425
1.5	2.717782155310714
1.5	1.1438104138632528
1.5	2.650273772681172
1.0	2.7502094219801765
1.5	2.240640134200175
1.0	0.6754932228083814
2.0	1.5242888423168237
1.5	0.26306967659437874
1.5	1.8187452050827606
1.5	2.2568910267349143
1.0	0.8277823187879438
1.0	1.524957411859524
1.5	1.8210612242018165
1.0	2.0123591748325547
1.5	1.228859773588792
1.5	1.476791544842
1.0	0.3610347213870594
1.0	1.5533383751264842
1.0	1.3133495942462552
1.5	1.0061247989784103
1.5	1.7408279817150007
2.0	2.5803986594225687
1.0	0.771355623241044
1.5	0.7954742377380031
1.0	1.1956575611006492
2.0	3.110388778229992
1.5	1.9300293380104312
2.0	0.9908963662699037
1.5	1.2736784963192598
2.0	2.9420708163396014
1.0	1.8625247750951623
1.0	1.7989951385757665
1.0	0.807475134035563
1.5	1.7901998044946061
1.0	2.233918506069257
2.0	1.9327086112144698
1.5	-0.0653982855884514
2.0	2.781890005765125
1.5	-0.7906772624579972
1.0	0.5746704028416199
1.0	0.35973230840344594
2.0	2.5501248939394197
2.0	2.7953088799857873
1.5	1.3888317470210196
1.5	3.344915212931398
1.5	1.670253518032286
1.5	1.2475933111955695
1.5	0.9022808440513556
1.5	1.2831346672198176
1.5	1.384237669801874
1.5	0.9978452872435818
1.0	1.5550464966573156
1.0	0.734164298275036
2.0	1.8989115483817074
2.0	1.5063947408432912
1.5	2.513103728395972
2.0	-0.6882103817763716
1.5	-0.0705099158828697
2.0	3.512368217047502
2.0	3.9429790272254337
1.5	1.583708398729412
2.0	2.6477806107115645
2.0	2.1551658151470265
1.5	0.4582129705400082
2.0	1.7208251950675932
1.5	-0.04255870299602682
1.5	1.5441244730276475
2.0	0.1866245677603342
2.0	1.5630206360425611
2.0	1.032642484995093
1.0	1.4668818713598086
1.0	0.08215963525497616
1.5	1.761054525813925
1.5	2.2903591044921345
2.0	2.8346242347607706
1.0	0.522185481978247
1.5	2.529901142213191
1.5	1.9390353276016987
2.0	1.7578735502578942
1.5	0.8969243751030571
2.0	2.723113293339895
2.0	2.662279687662333
2.0	1.621097864629348
1.5	0.6498869253636467
1.5	2.0060358887254917
1.5	2.1688727640593473
2.0	0.5084000615884237
1.0	1.5885999696064848
1.5	-0.10288424429603049
2.0	2.75403830747971
1.5	1.4305569147018733
2.0	1.5616926652695422
1.0	0.5012537423655539
1.0	-0.13679912434593944
1.0	1.0582376801334772
2.0	3.2031170305315637
1.0	-0.3625470478711854
1.5	0.23413456915254272
1.5	0.49144706206987143
2.0	1.568129369663016
2.0	2.6603174098825244
1.0	1.1070244894099706
1.5	0.6713042619206104
2.0	2.870019793537079
1.0	2.4107206391368203
1.0	3.58583811183026
1.5	1.7758246704791527
1.5	1.6037531099336988
2.0	1.924442412504642
1.5	-0.4998146655748834
1.0	1.7161249559864826
1.0	3.521903661749771
1.5	1.896756413794629
2.0	0.7925262619280209
1.0	-0.7903352171701739
1.5	1.9168624612367349
1.5	1.1172742205911474
1.5	2.0494713693730384
2.0	1.2869321756611112
1.0	-0.038075713690009616
1.5	1.3003813433865545
1.5	1.6861596212726149
1.0	1.8665127153675258
2.0	2.0955083524855365
2.0	2.2442049957754047
1.0	-0.3552295287445364
2.0	0.6394641838789941
2.0	1.3864379165288696
1.5	-1.1827217417507652
1.5	0.8577807975178602
2.0	2.0249845693432356
1.5	2.0648144859145185
2.0	2.0873567778814275
2.0	3.198940528498615
2.0	1.749346504305945
1.0	1.280333767279739
1.0	1.816153817050789
2.0	2.3330635442117837
1.0	-0.8306235778372071
2.0	2.7354861488279414
1.0	1.3590657912290192
1.0	0.8400051495087584
1.5	1.7120587933038043
2.0	1.813234430985508
1.0	0.2688862902539939
1.5	2.0350188356341827
1.5	-1.4796292105602307
1.0	0.9220270941371969
1.0	2.9257259754476035
2.0	1.8019276801558595
2.0	2.4915510800050122
1.5	3.0759468658432443
1.0	0.5534128096759301
2.0	0.37474745108380425
1.5	0.9996329612371857
1.0	1.1415116468408686
2.0	3.576025503762757
1.5	2.8617812723931975
1.5	3.1240314755029095
2.0	2.3758471829104906
1.5	0.30483656361721234
2.0	1.5874300037018663
1.5	0.8375465127888762
1.5	1.5015983246424214
2.0	1.2875123512118627
1.0	0.5317563854968215
1.5	1.3586586000522587
1.5	1.4068325830754607
1.0	1.1512813609051704
1.0	2.3414817623235007
1.0	1.8135893559868568
2.0	1.8545421170675453
2.0	2.3416291749280522
1.5	1.419836653309135
1.5	3.1725005040886547
1.0	1.0111133309217315
1.0	1.0081866266125747
1.0	2.0001328845016606
1.0	-0.3338854893489578
1.0	-0.050116191368066554
1.5	0.21440501085878538
1.0	-0.35624962062554766
2.0	1.4034994467547548
1.0	0.15406910496402504
1.0	-0.7026050888634365
1.0	0.49481348244444945
2.0	3.3659316601166083
2.0	-0.16660060327181503
2.0	2.5225722469289122
1.5	0.22595426054526246
1.0	-0.15717219088920564
1.5	1.9457980447284067
1.5	-0.6775885626446949
1.0	1.133837562408397
1.0	1.5025242208360694
2.0	4.110891757431224
1.0	0.8825669719632063
1.5	2.6735844499311723
2.0	2.0122498204143353
1.5	0.9166713388958478
2.0	1.7448312468320677
1.5	0.6559312495782019
1.5	1.4610379555107516
1.0	0.9277659127185859
1.5	1.4097026163110207
1.5	2.2743778480355563
1.0	1.2599567006323817
1.5	1.1345760089164796
1.0	1.8534353317864096
1.5	-0.03718563916191764
1.5	3.0318072745829863
1.5	1.4585357660092781
1.5	-0.11608557292148336
1.0	1.7360267042119353
1.0	0.14483210315094996
2.0	2.395976517813441
1.5	1.5348938159313168
1.0	0.8720104600687971
1.5	1.6484654446695393
1.5	1.360666768623593
1.0	1.5122656795404315
1.5	1.193197333908952
1.0	0.6577432535373314
1.5	2.2123237958794353
1.5	1.0521037688054613
1.5	0.0034983877169576516
1.0	1.6240923255992465
1.5	3.2036662451007203
1.0	0.83395138988694
1.5	1.9491920146373047
1.0	2.0622118917692798
2.0	3.420765048838505
1.0	1.4978512671341528
2.0	3.631847522353092
1.0	0.887858788726042
1.0	1.4505914626634404
2.0	2.3140448915707283
2.0	2.285975264279633
2.0	-0.08642411707918995
2.0	2.1408817052316094
1.0	0.8949257976441605
1.5	-0.537616693072331
1.0	3.2748542969721326
1.0	0.2721413877356573
1.5	1.2322511815929356
1.0	1.4647976646406828
2.0	3.0134431914942748
1.0	-0.026902198552120282
1.0	-0.09238357941794861
2.0	2.577799252357316
2.0	0.8495465466692638
2.0	1.7568202175138974
2.0	0.8035176039146203
1.5	1.4735297072017302
2.0	1.3697893615012804
1.0	1.4328331984123222
1.0	1.1021311306403618
1.0	1.1525220533800478
1.5	2.661125510859959
2.0	2.314207648934949
2.0	2.2527273439015394
2.0	1.331123720793439
1.0	1.3379752537667784
2.0	2.437496441103394
1.5	2.967144937231148
1.5	3.1266767183953124
2.0	2.1511468946300654
2.0	4.727966265579136
1.0	1.3715620112475075
1.0	2.652079768372639
2.0	3.4916861163135713
1.0	0.7995982046973602
1.0	0.5492641116724498
1.0	1.3586641478448704
1.5	1.5181088668784999
1.0	1.5734252780461753
1.0	0.19592429286735846
2.0	0.6088985917698972
1.5	1.2294472528285243
1.0	0.5015493767336329
1.0	1.7781531939381283
1.0	1.0045679717467462
1.0	0.24250986046542222
1.0	-0.3335040817287862
1.0	0.22476245111204984
1.0	2.8829215689175314
1.5	1.6461937412258647
1.5	1.8008867518366694
1.0	1.3161401765181049
1.0	2.943794396095329
1.0	1.9706765685368608
1.0	1.9443645072578797
1.5	2.5551886022552113
1.0	0.6513787930556814
2.0	1.602848222454306
1.5	1.5766209673602443
2.0	3.188084350205966
2.0	0.4554854436906246
1.0	0.823187274360104
1.5	2.6152151045122993
2.0	3.1841097866828045
2.0	3.2283218726635834
1.0	1.3635884147172712
2.0	1.7865864921467753
2.0	2.8290477273155794
1.0	2.9329903055576407
1.0	1.8151645195996995
1.5	2.3494258466949907
1.5	0.47532280513819014
2.0	0.5541259615377054
1.5	0.6156002936602504
1.5	1.2697427252220512
1.5	2.6450568545719806
2.0	2.0245291848658975
1.0	0.438303024428947
2.0	1.1278136472629
1.0	2.932545555384224
1.5	1.331796483562981
1.0	0.40897677388996456
1.5	1.2020349509824286
2.0	2.6095528116423763
1.0	0.7765003182791502
2.0	2.6167807833217287
2.0	-0.12161473432974601
2.0	2.544616967698638
1.5	0.616853527030504
1.5	-0.18279640928510976
1.0	1.4128663061182831
1.0	0.5717047603932599
1.0	0.7888353424368859
1.0	0.8764158315454392
2.0	2.4189226566385504
1.5	1.2639938793018146
1.0	0.622575612047156
1.0	-0.6344982975375977
2.0	0.34278325744454885
1.0	1.4709539029651275
1.0	0.7219966776116242
1.5	1.647273991333436
2.0	2.9228388087607144
2.0	2.134910375525134
1.0	1.0883108436507325
2.0	1.1270826653566113
1.5	0.6912653059082006
1.0	2.569151967666458
1.0	3.042764415424993
1.5	0.8730973152125195
2.0	1.8105657307557719
2.0	2.061204562118382
2.0	2.219049038556706
1.5	2.3195591565772395
1.0	1.5666869802242285
1.5	0.956225189730835
2.0	2.208817822444903
1.5	1.5345613235344138
2.0	1.5049583644535987
1.0	1.0437499986763519
1.5	0.021505551609136253
1.5	0.3632691867870308
2.0	3.319501250291196
1.5	3.0343023046744726
1.5	1.203136034299038
2.0	0.636156742416295
1.5	1.8719080088347757
2.0	2.705371063490514
1.5	0.503152411840362
2.0	3.3356853222427025
2.0	2.711226528759246
1.0	0.24190070775829298
1.5	1.7832677488593258
2.0	0.732105046559177
2.0	3.4486002665900397
1.0	1.3813686324896741
2.0	2.1547529916227877
1.5	0.5013232259975414
1.5	1.772100060918031
2.0	0.1331041943282656
1.5	1.8607047414721816
1.5	1.7766504511564638
1.0	-0.328491215798862
2.0	1.7250834575228042
2.0	1.8572570432003892
1.5	0.8469411541674192
2.0	0.7436435001001565
1.5	0.3276756332306765
1.5	2.1188692352324194
1.5	2.107418629391357
2.0	4.6007817328160385
2.0	0.4485609554906995
1.5	3.022349356758539
1.5	2.4929901855366454
1.0	1.5496390946806873
2.0	1.9651727490582158
1.0	0.516108386874732
2.0	1.0564218787721904
1.0	2.702689836393454
1.0	1.7966961572466391
1.0	1.505073906944429
1.5	-0.11742027949705824
1.5	2.015176395446588
2.0	1.050150054420533
2.0	1.9996587920736255
2.0	1.6225229267530354
1.0	0.0671192069263592
1.5	0.7132706469740953
1.5	1.4014884653086161
2.0	0.8232751554295654
1.5	0.8154920885651376
1.5	1.4255114212877829
2.0	1.1642565485016503
1.5	1.4280079123859293
1.0	1.4562041980125158
1.0	1.3788121332547274
2.0	0.828147216807853
1.0	2.884336116141281
2.0	1.7433319757623742
2.0	2.9667250387467523
1.5	2.8860260613040505
1.0	2.2017235943552738
1.5	0.6406228853605356
1.5	1.345943529036856
1.5	3.3142778909005077
2.0	0.9221554811015746
1.0	0.7191228427185576
1.5	2.8515212687398894
2.0	3.1822776746931796
1.5	1.6402588413231374
1.0	-0.4542208575567368
2.0	1.5940539262187943
1.0	1.1537287966401553
2.0	3.383607840567742
2.0	1.2055196549893075
2.0	1.4862913319838011
1.0	0.8311260162963359
1.0	0.14701988460929438
2.0	1.5133079180982316
1.5	1.0063513989856012
2.0	1.1768954645454666
1.0	-1.6689306653630354
2.0	2.6321954001644747
1.5	1.203539980054896
1.5	1.0517287133895368
1.5	2.665778263342425
1.0	1.5276103365126104
1.5	2.5894859138630713
1.5	1.0953595368280928
2.0	2.2869296813652653
1.0	1.145296588495359
1.5	-0.31149518934451303
1.0	1.9441538056039889
2.0	1.8159555961632656
1.5	0.41533996849140875
1.0	1.1240152533407601
2.0	2.48134303228245
1.5	0.5279584643291778
1.0	0.5897487954517739
1.5	1.8409980414255422
1.0	-0.34063367020241064
2.0	0.41489956881393053
1.5	1.8884155068992574
1.0	2.2007143338453217
1.5	1.1657131450247509
1.0	1.4497761451422586
1.0	0.8300397831242887
2.0	1.673357462852107
2.0	2.703255488444446
1.5	1.9398728549855662
1.5	2.8988841911483663
1.5	2.6594381801799143
1.0	-0.7794154371911124
1.5	1.5571812198286603
1.5	-0.14868891929046701
2.0	2.3770072197346512
1.0	1.5246413302086657
1.0	0.4650283224394076
2.0	2.8102505560249913
1.0	2.010044580952787
1.5	0.7201936140748467
1.5	1.4126647992530081
1.5	-0.034329577922529886
1.0	1.3228007181285883
2.0	0.7778718915761906
1.0	0.4167470930401479
1.0	2.035914732821648
1.0	-0.4704000566222586
2.0	-0.029414874290337067
1.5	-0.4885732237315308
2.0	-1.0264367459230113
1.0	0.3828732733011496
1.0	0.7112678798726004
1.5	2.9337411188019185
1.5	1.2023430398440638
1.0	1.3740415694962596
2.0	0.9981601622000336
1.0	1.6452698557083474
1.0	0.8920549760561349
1.0	1.2761031088291483
1.0	0.2571537622413844
1.5	1.8827749318838627
1.0	1.5789081250844372
2.0	3.660282219680008
1.5	1.9265835909281184
1.5	1.2494623631375719
2.0	0.8423802650108845
1.5	2.3786126240662098
2.0	2.5157563789920863
2.0	1.7940805635668478
1.5	2.9346249589689277
1.5	3.4619020476212468
2.0	1.733859726465399
1.0	-0.26593499014348243
1.0	-0.40353749594086885
2.0	2.240143953185636
1.5	1.1641305900482457
1.5	3.2001917357543292
1.0	1.168516046393463
1.5	1.3788585683352144
1.0	-0.2056885397709889
1.5	1.4479772980473746
1.0	1.8716729662931315
2.0	2.264707266598957
2.0	2.3031873357801165
2.0	1.193885309087209
1.0	-1.5883235164487988
2.0	2.9434496581883063
1.0	0.6542655828613365
1.0	0.9267592723924085
2.0	2.2882093960412773
1.5	2.0799468585286798
1.0	1.7106864556836763
2.0	3.230277130961282
1.5	2.518558604702345
1.0	1.7037181500990237
2.0	3.084078328194576
1.5	0.47736786617526605
1.5	1.1443031633994185
2.0	0.7481411735716472
1.5	2.9317171863183957
2.0	1.8012897772158398
1.5	1.4324637743992523
1.5	1.0222864945741916
2.0	2.5988898121168265
1.5	0.11650128840411966
1.5	2.765682435048805
2.0	1.018642440359429
1.5	2.119881169186367
1.0	1.2966268789769775
2.0	1.3781139121509947
2.0	-0.22434113024912294
1.5	2.324125647714375
1.0	2.2545132707908495
1.5	-0.4136193066857705
1.5	1.740082571125075
2.0	1.6035497460965742
2.0	0.01435056308667182
1.5	2.2258051516976796
2.0	2.3938949483887204
1.0	0.08912068852873267
1.0	-0.44274276833230886
1.0	0.11827466551488819
1.0	-0.8079758294004036
1.5	2.2320128598733726
1.0	2.0425759513476587
2.0	1.766150347185061
1.0	0.5199874868318217
1.5	3.245082200651926
1.0	1.895576778367062
1.5	2.146692609690176
1.0	1.27278561589976
1.0	-0.6373141220567884
1.5	1.8303993797122247
1.5	0.8625995796223398
1.5	2.74378383095189
1.0	0.4680602272951445
1.5	1.8509829343706714
2.0	4.044738414341996
1.0	1.123290648715137
1.0	0.6622314707779149
1.5	3.239644267642166
2.0	3.1820918170526067
1.5	1.3821536873918279
1.5	1.906727208797136
1.5	-0.07377566406489944
1.5	0.43750324662431517
1.0	-0.35860482879892897
1.5	1.9383659984429236
1.0	-1.5855052690902616
1.0	0.8385297027939962
2.0	3.2169492826064032
1.0	1.82255302577977
2.0	3.2711537459073785
1.0	0.9308811807369446
1.5	2.4226048677214544
1.5	2.2777531917123404
1.0	2.2557788758711714
1.0	0.17698116424149302
2.0	3.175995478834607
2.0	1.3198221067753173
1.5	1.828610942044955
1.0	0.8732144578688514
1.0	1.2911946215103667
1.5	-0.6647132081567273
1.0	1.9748085696302309
1.5	1.11575486482225
1.5	1.299985442840121
1.0	1.7855708323822017
1.0	1.5528625503604025
2.0	3.803715477727758
1.0	1.7449219301540233
1.0	1.7180576238514442
1.0	1.2093003650419496
1.0	-0.6661320358186422
1.5	-0.04659388953139043
1.0	1.6769277955775121
1.0	0.4198541260282179
1.0	1.2923856911261795
1.0	1.39263655668074
1.0	0.8526683827569232
2.0	2.8882227134351077
1.0	1.89561484301097
2.0	3.593040797719719
2.0	1.975626767849465
1.5	2.393325911158324
1.0	0.43133854674563155
2.0	2.716830677458683
2.0	1.0432913775622055
1.5	2.737085585709875
2.0	1.6741854517794996
1.5	0.9907084418723353
1.5	0.7730069641730919
2.0	2.871963346925086
1.0	-0.1500139957080202
1.0	-1.2045489540397512
1.0	1.63801514356286
2.0	2.9272038976915877
1.0	-0.9408295642993052
1.0	2.6811091939373064
1.0	2.1214930936837164
2.0	2.018789694421398
1.5	3.0050733109152126
1.5	3.9443390576948776
2.0	3.0796223245215884
1.0	1.5572626245255154
1.5	-0.6011288169381794
1.0	0.3076238012307472
1.5	2.0319246897910666
2.0	1.6902331691534098
1.5	1.4645044779837144
1.0	0.043468833828940956
2.0	1.9447631005405148
2.0	3.1505513623636197
1.5	1.3570475667386477
1.5	3.57823815051504
2.0	1.824580941011858
1.0	-0.9325278453355927
1.5	1.69776882381691
1.0	0.6969174277237364
1.5	3.1051501725753448
1.5	2.3389102626110203
1.0	-0.04034673524952015
1.5	0.8216479154975939
2.0	1.8741445395094163
2.0	3.78555289022228
2.0	0.475903247437256
1.0	0.7278738846914797
2.0	-0.5726693606836677
1.5	1.252355955865186
1.5	-0.6122958001837961
2.0	1.8233922641365334
1.0	1.3052695095358704
2.0	3.0922836108864487
2.0	2.7598256323605996
2.0	0.40913721572120565
2.0	2.4271032389000142
2.0	3.3643013059904607
1.5	1.019372137649083
1.0	0.6077133588054927
1.0	3.0016039245346247
1.5	2.5754206060531937
2.0	2.4274169816628532
1.0	0.7699777802778048
1.5	0.3867036480516175
1.5	0.9021308807229889
2.0	-0.01942382429194156
2.0	2.3116018844430513
1.0	0.9859074945262679
2.0	1.8123507838247315
2.0	1.0912760795902474
1.0	-0.08305078029122193
1.0	1.3510471664418693
2.0	0.8834963128810072
1.0	-1.2392756310242579
1.5	2.431077115586363
1.0	2.9406049240522876
2.0	1.980497286724839
1.5	1.9824069596171094
2.0	3.511071316269125
2.0	0.8201567243000225
1.5	1.1048362144774064
2.0	3.463312637571896
2.0	3.193674060259582
2.0	0.36679113907725336
1.5	2.4004095958223033
1.5	0.8965215922289538
1.0	1.8359713620117075
1.0	1.5891082707756288
2.0	2.7232674757293873
1.5	0.11975858430211028
2.0	2.1602854350167733
1.0	2.2663406667345924
1.0	0.7003185120141897
1.5	0.7086629728771646
1.5	2.0780434249450526
1.0	0.3499895816998875
1.0	1.3788246914987987
1.5	2.3423592621836633
1.5	1.7122410156439742
1.5	0.8723162712087924
2.0	3.9536405825066914
1.5	2.0268889125958203
1.0	1.607302289042857
2.0	2.215789841551147
1.0	1.812349974398109
1.5	-0.2563963670938181
1.0	0.8464126538613954
1.0	1.010572964338901
2.0	2.465515194990437
2.0	1.6501223472430628
2.0	2.107491981253977
2.0	6.135323619291193
2.0	1.8079600942763452
2.0	2.124815148398551
1.0	1.0174607605101718
1.5	1.83839743120568
1.5	3.769115062141371
2.0	2.6312056360253564
2.0	1.8026150477109342
1.5	2.0947979322603723
1.0	2.1193186622791957
2.0	1.1819065375536981
1.0	0.8162975926568339
2.0	-0.17069737056599799
2.0	1.2449512224816301
1.5	3.329310137266318
1.5	0.8626979151774753
1.5	0.550045223846363
2.0	0.2790430036021869
1.5	2.0603004493708768
1.0	0.9815803941070275
1.0	0.2965673728440058
1.0	1.028846794796052
1.5	2.5685521559542615
2.0	2.715265854731837
1.5	2.241944984743319
1.0	0.6415901119727432
1.0	0.9453542482502575
1.0	0.7294565284114829
1.0	2.616920186868076
1.0	0.5153357389096962
1.0	-0.13315831619296925
2.0	1.458737057835238
1.5	1.3984299976852808
2.0	2.9435522693220912
1.0	0.8664158388092886
1.0	3.353179713346283
1.0	1.7565931065737217
1.5	2.8755299435381367
1.5	0.9663881755244509
1.0	1.8621011413180484
1.0	2.0226678875374247
2.0	3.715551363277957
1.0	0.7274637960488797
2.0	2.0587485783801216
1.5	2.165473983577356
1.0	-0.6787042109484347
1.0	2.1973980409580154
2.0	1.1779506747988067
2.0	2.7305996192040367
2.0	1.6418001660770662
2.0	1.686315068941479
2.0	2.2588504298591885
2.0	2.3136978710184164
1.0	0.9365257968192559
2.0	0.9772994839194631
1.5	3.6350476989732146
2.0	0.8992170812838183
1.5	2.1780938134685597
2.0	1.2179990866327368
2.0	1.3283612280441206
1.5	1.6305895927615168
1.0	1.5098803674602121
1.0	0.7772054720150823
1.5	2.2739786654818857
2.0	2.491884338898712
1.0	2.1228007473945114
1.0	2.100971592099114
2.0	3.457935411984309
2.0	1.056499102078106
1.5	0.6925766749427947
1.0	0.4216783337339636
1.0	1.315574035134663
1.5	1.3814556554418576
1.0	0.6267737129526948
1.0	2.3905128954686266
1.5	0.9470152332490742
1.5	0.47059528248160754
1.5	1.6902505967943007
1.5	-0.1522021794035493
1.5	1.7886948788892711
1.0	2.3778676367186415
1.5	2.281788784138989
2.0	2.5020439527093865
1.0	1.0816524093951374
2.0	2.6508951673186485
1.0	2.6339816019137263
2.0	2.0853332197054217
1.0	1.5207289869074803
2.0	2.1056573190286176
1.0	0.6612213301072767
1.5	1.0264508649835131
1.5	0.7797826261327072
1.5	1.8910324545214574
2.0	3.2286136442903675
2.0	0.3196389112736615
2.0	1.7771419293076198
1.0	0.16895700697551463
1.0	0.6060753799750553
1.5	3.532341140734526
2.0	2.025962668920888
1.5	1.310001926898987
1.0	1.6401688828098298
1.0	1.0592232656511054
1.5	1.3437039088400864
1.0	3.1262716144234273
1.5	1.027207291555564
1.5	2.718432971071061
2.0	2.0061425640286314
1.5	0.031058250994454806
1.0	1.1060063943036391
2.0	2.750382100552765
1.5	0.3308773941183476
1.0	0.6664966431677792
2.0	0.474201367967759
1.5	1.8292450080571652
1.5	1.0994464664201273
1.5	1.5765768678966132
1.5	1.4921861194972657
1.5	1.6376159185845345
1.5	0.8618135324642009
1.0	1.5637401363579981
1.5	-0.7503832338419119
2.0	2.3173520729055226
1.0	0.0528004230384731
2.0	2.0548883340719417
1.5	1.0539362735280153
1.5	0.4389419874526477
1.5	1.5437828009455528
1.5	0.6700806179479709
2.0	4.755165291727583
2.0	1.5567281761350913
1.0	0.6444533084454256
1.5	0.9280177699504397
1.5	2.5354301952577583
1.5	0.9398011688051662
1.5	1.7849089218386873
1.5	1.5654049279907087
2.0	1.9951416360472045
1.5	1.960019617266865
1.0	0.9323641567951476
1.5	1.5974424408778125
1.5	1.623941635295464
1.5	-0.14275971157207623
2.0	2.4087906547680484
2.0	1.540583456076765
1.5	2.697242844574275
1.0	-1.203040023589418
2.0	0.636687844383746
1.5	2.5434424660003554
1.0	2.099904530715045
1.5	1.1292959428506064
1.0	0.7118016319816032
2.0	3.545315717836772
1.5	-0.5773920060722557
1.0	1.432402953758248
1.0	1.9245347571915787
1.5	1.0862755209188086
1.5	0.9059086960065584
1.5	2.7712174680030977
2.0	3.4080379045623763
1.0	1.2569160566896809
1.5	1.3441429785670866
1.5	2.0988830382028683
1.5	2.0444338695221065
1.5	3.5774123448801496
1.0	1.6868633779695836
2.0	3.1585897392603677
2.0	2.8034335441279365
1.5	2.552083820044011
1.0	1.0657630234026838
2.0	0.7130073243775235
1.0	1.8968184921695113
1.5	2.7178585371354353
1.0	0.09462157940860494
1.0	-0.39956096810210373
1.5	4.115003252701429
1.5	1.9376589368223844
1.0	2.358920615397614
1.0	2.4188866927069306
2.0	2.5295537128844003
1.5	2.68239985343515
1.0	1.8235364418589715
2.0	1.886714269041091
1.0	2.3746822079676124
1.0	2.4479012814500836
1.0	-0.09569376833882548
2.0	2.6108078515621673
1.0	-0.10333429930391858
1.0	-0.9530925918055544
1.5	1.8624608608791116
1.5	-0.011656525790543437
1.0	0.21063783854241036
1.0	1.0664376118720202
1.0	0.06556129594428273
1.0	1.606203686507409
1.5	2.042198111127661
1.0	1.7151307099356263
1.5	1.3602641052641071
2.0	0.8713761250395791
1.0	1.2886649779813923
1.5	1.4120513106031851
1.5	1.860988354337929
1.0	0.7455921158123842
1.0	1.116906743951929
2.0	3.64056099021127
2.0	1.080953888562263
2.0	1.9908113962721736
2.0	2.709301438016561
1.5	0.027982505293860038
1.5	2.078260554975478
2.0	1.0372518005940483
2.0	0.9299803796994706
1.5	1.3142560211249972
2.0	1.4171858493759923
1.0	-0.20500706916464595
1.0	1.384969893244319
2.0	3.54126502799692
1.5	1.9754261407620137
2.0	2.610800441441275
1.5	-0.5112954353836185
2.0	2.498888428233018
2.0	3.6952779535347275
1.0	0.7553970911007324
1.5	2.9434224778452656
2.0	1.3013772984189675
2.0	2.2545091204819405
1.0	0.06089640078763736
1.5	4.5169589772976195
1.0	0.6494166129199004
2.0	2.6465974466655435
2.0	2.2979609455657823
1.5	1.481431582536258
1.5	2.4861674536416922
1.5	1.7352128567316631
1.5	1.9116506689153914
1.5	1.722769085209324
1.0	0.6441768074685854
1.0	-1.0132244861324824
1.5	1.3578202696387163
1.0	0.8135101169831833
1.5	-0.31695033696865127
2.0	2.552845212371218
1.0	0.09620832190513973
2.0	2.9277037480824863
1.0	1.070994623467391
1.0	-0.11457983898410751
1.5	1.1256034363968226
2.0	4.214282704217096
1.5	0.6654139037559192
2.0	0.9172996760322691
1.5	1.9936756438227727
1.5	1.7707406155142087
2.0	4.091549260535683
2.0	2.7706964752552645
1.5	1.5875160401741908
1.5	0.45558039974318887
1.5	-0.10815933034919101
1.0	0.9028425236884595
2.0	1.9811122544348057
1.5	1.44668575449904
1.5	1.7901855830019477
2.0	2.5962259729081265
1.5	1.888710016326264
2.0	2.643060564956489
2.0	1.8953624444100228
1.0	-0.04590708102498087
1.0	0.7827940273897116
1.0	-0.5786986482326979
2.0	1.9843642895535432
2.0	1.4525174299885557
2.0	3.1347841704440578
1.0	2.3149985240969237
2.0	2.1930212675430996
1.0	2.4864012584257233
1.0	0.8344214910112336
1.5	2.603858028339695
2.0	4.503018247971399
1.5	0.706049418255598
2.0	2.1130102270657303
1.5	3.1151090083077273
2.0	3.9691944733993223
1.5	2.0887278566754226
1.5	1.2675104541139715
2.0	2.061289322785463
2.0	3.228265553439864
2.0	2.4729242929117383
1.0	1.8210383890985158
1.5	1.5780718898771768
1.0	1.1144095136294536
1.0	0.7743042912171262
1.0	1.2519182664425594
1.5	1.0682929228087705
1.5	2.167913853020373
2.0	3.0280163005425265
1.5	2.8186869370647645
2.0	1.5513106740358775
1.5	0.3271447640153786
1.0	0.6041302523739074
1.0	1.7347391391280986
2.0	1.0851106647325486
2.0	3.228191784106582
1.5	2.0975922277434167
2.0	1.7739338894282406
1.5	1.2158179278904804
1.0	-1.050620409831554
1.5	1.462607234416881
1.5	1.0458046542310544
1.5	1.8893625020302567
2.0	2.11658550873078
1.0	-0.43730169697501164
1.0	0.4627201096739624
1.0	2.8966378956269665
1.0	0.18388656918089452
2.0	2.53041543869349
2.0	2.524321983202394
2.0	1.855225011795133
1.5	1.2430474084187408
1.5	2.285173374576358
2.0	4.044040290898899
1.0	1.4638668429923767
1.0	-1.0099245138401254
1.5	2.517592276686277
2.0	2.579218046858833
1.0	-0.35092836553968554
1.0	0.5910586298204545
2.0	3.9356140353257385
1.0	1.9833365529449876
1.5	1.266370974936893
1.5	0.7691923027873263
1.5	0.5706017268227896
1.0	3.4546880521319876
2.0	2.6700372931902434
1.0	1.0508191984159552
1.5	0.852193385226761
1.0	3.8464820017803065
1.5	3.0941263817235996
1.0	-0.2651985996573991
1.0	-0.42082043462244934
1.5	3.5715312804016874
2.0	2.823155850507366
1.0	-0.2452531284982995
2.0	2.8410539418116696
1.5	2.0564664485167317
1.5	-0.3831619102188262
2.0	3.2750371506895686
1.5	0.28242728744484946
2.0	0.41322683092006707
1.0	-0.019502472059129916
1.0	2.10369649936894
1.0	-0.06639206239119355
2.0	2.94044113796528
1.5	2.0123371726813417
1.5	2.5203525151250252
2.0	2.7178768001728995
1.0	1.6845728278705332
1.0	0.98196587150316
1.5	1.5978884682498542
1.5	0.21416394637626857
1.5	0.8449574498346674
1.5	1.0597976193151544
2.0	1.2516227972625007
1.0	1.252226431396608
2.0	2.389248585906061
1.5	2.4720557292478142
1.0	1.8693759189137134
2.0	3.1804121536109946
2.0	2.454581319054179
2.0	4.721876162789548
2.0	0.34601210468756705
1.5	-0.3104323145291983
1.5	4.101960132420544
2.0	1.4449334166510586
2.0	1.0632459867500326
2.0	2.036788231410867
1.0	-0.5603075034456413
1.0	1.7992952203617636
1.5	1.8419466110934355
1.5	0.9542452822274785
1.0	1.5795558159451217
1.0	1.441254791836037
2.0	1.5361501285357577
2.0	1.9920732695428804
1.5	-0.4909725501056026
2.0	1.410246008968472
1.5	1.4201913141061877
2.0	2.5023010843708735
1.0	1.3179510707289595
1.5	2.7170774654292
1.0	2.964546601734897
1.0	3.1311218925749222
2.0	2.7557743336327065
1.5	2.3182258999290246
1.0	-0.20516775023631628
1.0	1.3919439151326782
2.0	0.516351850016399
1.0	3.1900348500229514
1.0	1.1580466733103716
1.0	2.0202446744680627
1.0	0.7673778141610682
2.0	2.5190630362718953
2.0	0.7133166856457962
2.0	2.897920403542387
1.0	0.11609240460834513
1.5	0.8062999094624612
1.0	1.2065824988651614
1.0	-0.2668597241376591
2.0	3.3280545351864355
1.0	2.536624498390159
1.5	0.8407012130511866
2.0	1.2142463589192902
2.0	1.256899367631512
1.5	2.230417304478751
2.0	2.1537691283376224
2.0	4.377325197714859
1.0	0.24284187095630516
1.5	0.08187407077860787
1.0	0.011641098832014252
1.0	1.3187270372586335
1.0	2.5498951025058334
1.0	0.8911613571000704
1.0	2.460097665506188
1.0	-1.1303737731936496
1.5	0.6243172797393131
1.5	1.2279806910273208
1.5	1.7511690617620432
1.5	2.127435485285709
1.0	1.8613895255447297
1.0	0.9386503074165922
2.0	2.4922154778476897
1.0	-1.5022399135659685
1.5	0.837529567799319
2.0	2.4593557333616247
2.0	1.0251257749612286
1.5	0.9309120649783695
1.0	1.3607483338934876
2.0	1.5106251492143756
1.5	0.5818146783140343
1.0	0.2533291984934073
1.5	2.3660485964449673
1.0	1.7775521410123758
1.5	0.07387921783795282
1.0	-1.7969308534816348
2.0	4.533254723096681
2.0	2.848144513160174
1.0	1.8477393484975249
1.0	0.09340766221843644
1.5	0.5587691300159799
1.0	-0.30700899170329365
2.0	2.0050442615285804
1.0	0.26606360866966894
1.0	-0.04802135917256578
1.0	3.2462728905476497
2.0	3.1879994547319597
2.0	1.0702907347163924
1.5	3.560489726670828
1.5	1.565281041335164
1.0	-0.17611403180960483
1.5	2.0314286849978513
1.0	-0.7399701460807009
2.0	3.680543889034417
2.0	3.0888478982357936
2.0	2.4669515736869485
1.0	0.8864150489375617
1.5	-0.7305131463409924
1.5	2.084026877096987
2.0	2.582500634167608
1.5	1.8336935200111892
2.0	2.0105321664199933
1.5	1.9040487381417248
2.0	2.5256910268640005
1.5	1.1645968752434295
1.0	1.5013570849154267
2.0	2.5491646118456437
1.0	1.6173307715767868
2.0	2.603817962650649
1.0	0.8019561842906419
1.0	2.6868426652951136
2.0	2.7011292921647794
1.5	2.208015877823111
1.0	1.4668108492093028
2.0	2.3234576974328425
2.0	1.3407566927929573
2.0	0.5695315838885548
1.0	0.26493073239103404
1.0	1.187455350997621
1.0	-0.32352096037434075
1.0	1.1059958219117547
1.5	2.8167814609771207
1.0	0.2027064755498882
1.5	0.24100770537984118
1.5	1.9893741782762586
1.5	1.3707230358435287
2.0	2.0553008285769754
1.0	2.0143150744785987
1.5	1.2073319209798055
1.0	1.507103541117894
1.5	0.2109146420451824
1.0	-0.18715905156453294
1.5	0.23924962245735237
1.0	0.2669059470655254
1.0	-1.344467608213126
1.0	1.0253282627560334
1.0	2.168184953939913
1.0	1.0471714409986994
2.0	3.121705326174431
1.5	1.730244753072577
2.0	3.634628932961545
2.0	1.6341655400482296
1.0	0.4678282185667503
1.5	0.701346597455845
1.0	2.373875458204326
2.0	2.7708435451771525
2.0	-0.06367251869665536
2.0	3.682211837418447
2.0	0.9661104446944693
2.0	1.8837027289019357
2.0	0.0946405501039842
1.5	2.759218393661845
2.0	-0.505381570117367
1.0	-0.7149276379573268
1.0	0.9919835073043985
1.0	1.6375604238398598
1.5	2.38834466739955
1.5	1.2304837620679445
1.0	1.5451142160582645
2.0	2.2016676727055025
1.5	1.8102080317736795
1.5	2.6687195077555494
1.5	0.2867630141396351
1.0	0.06886510577253913
1.5	0.7309877194988561
1.5	2.0072084739078497
1.0	1.399254141426404
1.5	0.8270200517777583
1.0	2.0236344317115806
1.0	-0.5568947021160529
2.0	2.6201128745514137
1.0	0.7448237797399976
2.0	2.978445714197013
1.0	-2.3415971156736926
2.0	1.8962351433508384
2.0	1.4490636245094208
2.0	2.4321343086950424
1.0	0.8664932450426754
2.0	1.8202261617529314
1.0	0.15820803679835604
1.0	2.0720315162591922
1.0	1.707266418243316
2.0	0.9034585039773357
1.0	2.739219211269882
2.0	1.5258305226021307
1.5	2.1122418225472623
1.0	-0.12868974187900317
1.5	3.5182064696391566
1.0	-0.2085437977074216
1.5	2.3292159216459947
2.0	3.078839190307322
1.0	0.4148691333335275
1.5	1.2694557909815352
1.0	-0.3084874338186867
1.5	2.708950493661214
1.0	1.4368203230823624
2.0	2.2105250372785665
1.5	1.4536862183849886
1.5	-0.7129722991338037
1.0	2.1283675999266567
2.0	1.265007298553031
1.5	1.0992526208438644
1.5	1.5862371224126854
2.0	2.71859242468084
2.0	2.1530198951844044
2.0	0.10681271197544295
1.5	-1.5466744142462043
1.5	1.3378409243592624
1.5	0.9100376580360338
1.5	2.40688304507448
2.0	2.499643269225293
1.0	2.232563326445458
2.0	3.887426989043044
1.5	1.3109904840977091
1.5	2.5730179197026124
2.0	1.3852066311291367
2.0	1.9502041722625274
2.0	1.855377185427261
2.0	1.456565133175333
2.0	3.5141568503883986
2.0	1.0156276533533812
2.0	2.2195081329592257
2.0	2.430219955871684
1.5	2.3759120100621494
2.0	3.440527397977428
1.0	0.6103430413068232
1.5	2.039976924486203
1.0	2.184905373831577
1.0	-0.476698584671742
2.0	1.8526445700593355
1.5	3.087128962231138
2.0	0.5170872061920397
1.0	1.4367302520227667
2.0	0.24623614309161757
1.0	1.7333659151403622
1.0	1.7000898881633857
1.0	0.07520537167594088
1.0	0.9739490423554139
1.5	0.00875834181182844
1.0	2.155839327282735
2.0	1.0292022031554948
1.0	1.906700825918108
1.5	1.032441142152942
1.5	2.499810167446873
2.0	0.17385566796579988
2.0	3.8618329568319645
2.0	1.5120252585876588
1.5	1.1117710631438467
1.5	0.4499084441543211
1.5	0.09192415365837237
2.0	1.289040612754513
1.0	2.365453325444567
1.0	0.7099312139435999
1.0	0.6704646089376624
1.5	1.0262705840562916
1.0	1.496642483672274
1.0	1.6196093304588097
2.0	1.7071383929678976
1.5	1.5219835823035164
2.0	2.3389475619003566
1.0	2.6659382466641652
1.0	0.6428783113208739
1.0	0.45442927139833456
2.0	1.1422515916164508
2.0	2.2866847459990667
2.0	2.968568234131352
1.0	2.0331697267330204
1.5	1.1873887123619922
1.5	1.5037551150318529
1.0	0.5085972612220343
1.0	1.9588458514980678
1.0	2.31143973287295
2.0	0.11232059395330296
1.0	1.4569571356289521
2.0	0.866259760875232
1.0	2.2520163991203592
1.0	0.10092688315772935
1.5	2.338379015008301
2.0	5.156036613104465
2.0	2.714736611665661
2.0	3.579868856103139
1.5	0.30445482884212205
2.0	3.161987282829057
1.5	2.4507061763775866
1.5	2.291708422965612
1.5	0.09048470675177911
1.0	1.1805302092588266
1.5	1.8280574040810178
2.0	2.10907146049905
1.5	0.4306014204527644
1.5	0.3508159615000632
1.5	2.4710280928050032
2.0	1.9266251864684238
1.5	-0.1322569906101374
1.0	0.9574638042502832
1.0	0.7691925606758374
2.0	1.2732507027349032
1.5	0.7830615713600689
1.5	2.603164551983773
2.0	3.548503681876472
1.0	1.5965395444023565
1.0	1.588112514627773
1.5	0.657338404205961
2.0	4.562153392993395
1.0	0.29937200878200876
2.0	4.488587382172993
1.0	-0.7254508349557589
2.0	1.442472763043654
2.0	1.845375914072699
1.0	2.0645301599705235
2.0	1.450351227051319
1.0	1.2774254817606097
1.5	1.8698956503208786
1.0	-0.5212541901507488
2.0	3.481245800170967
2.0	1.5426992669976336
1.5	0.5819144430413635
1.5	-0.21338650294774109
1.0	1.0572873427179035
2.0	2.101865193001538
1.0	1.7860745341027437
2.0	3.427026332846294
2.0	2.591287985232032
1.5	2.8960525152124195
2.0	1.69408911444704
1.5	-0.46223029397206994
1.5	0.6126225611262729
2.0	2.4148708732372652
1.0	1.6201824456303178
2.0	3.8769838783634434
2.0	-0.07108580852652091
1.0	1.6833423565420147
1.0	3.393753416669356
2.0	-0.17367432789493487
2.0	1.4973866927753112
1.0	0.5983948516100375
2.0	5.432728943322454
1.5	1.5082615442258835
1.5	1.9276703079728637
1.5	1.4024817606139708
1.5	1.351651974028156
1.0	0.7212831001615783
1.0	-0.26201535052421465
1.0	2.3779562004063886
1.5	1.3890668205258905
1.0	1.6265326587441915
2.0	2.6705705735828387
1.5	0.22086297398075505
1.0	0.5022615748065735
1.5	2.236392905770845
2.0	2.628376480048604
2.0	0.9896819192631918
2.0	3.2095474534335184
1.0	0.97934074661175
1.5	-1.4111929188521866
2.0	2.1750298597784887
1.5	0.13282158310051062
2.0	1.2527797849120756
2.0	3.4919222703116564
2.0	2.584080490892175
1.0	-0.7633455649690302
1.5	0.05720743096933578
1.5	0.595021831221067
1.0	1.576240298722789
1.5	1.589873030701613
1.5	1.217447333180827
1.5	3.6593510691501683
1.5	1.4380868571268817
1.5	2.406942034217986
1.0	0.9864831235933907
2.0	2.5147174894173725
1.5	1.6022551485646772
1.5	3.5173730618890025
1.0	2.147712010411634
1.5	1.2200497872582867
2.0	2.4393188524848637
2.0	2.9330826509006545
1.5	2.03810947432698
2.0	2.1292536155700104
1.5	1.8977965967664874
1.5	1.8035317929605998
1.0	3.2519281740533903
2.0	2.426205908799746
1.5	4.583091655372794
2.0	2.472412127800038
2.0	2.7301597222062783
1.5	2.0748814129263877
1.0	1.5529282387325865
2.0	1.7043019089307436
1.5	1.428424617300018
2.0	3.073487099030525
1.5	1.3761556099473786
2.0	1.613818279990164
2.0	1.403059660693392
1.5	1.7706907354441654
1.5	1.019929011352813
1.0	1.4552368468393255
1.5	1.379848447822242
1.5	0.5471773203560351
1.0	0.0590074663829796
1.0	0.40566039361630724
2.0	2.1043874382354164
1.5	1.9565731706192344
1.0	1.4105224727371728
1.5	1.560066276516697
1.0	-0.6136385732364749
1.0	2.2078165543320565
2.0	1.4918801241365798
1.5	-0.5033080369842118
1.0	1.2793265353387921
1.5	2.279560366018129
1.5	1.9434684041987103
2.0	3.6256944500189143
1.5	1.542186754994352
2.0	1.8948265876416324
1.5	1.6783514163553583
1.5	0.23984165647435995
1.0	0.1756642338218728
1.5	0.6373454369988487
1.5	1.365656126687583
1.0	0.9790782005859621
1.5	1.95684387306131
2.0	-0.09616919890074271
1.5	0.8278972178254093
1.0	0.5585615420178495
1.5	2.6968082327901772
1.0	0.9485254831976383
2.0	1.1704101228194534
2.0	1.336058258141069
1.0	1.0138600484318712
2.0	1.0569062389917505
1.5	3.066561734452376
2.0	3.1334510015822357
2.0	2.860422780252312
2.0	1.117456050315469
1.5	2.795052119421097
1.0	0.09741182688508054
1.0	1.017165723201316
1.5	2.493948963385308
1.0	-1.3565044994100317
2.0	1.1313775990463073
1.0	0.9271089658850188
1.0	2.4081241813892076
1.5	2.0170256127151847
1.0	2.3977785524294823
1.0	1.1674882571929566
2.0	1.0206434716273285
2.0	2.981789927246127
1.5	-0.1597957278228923
2.0	2.358104611396432
2.0	1.4489405715599057
2.0	1.6564052527738469
1.0	0.4434953213032088
1.0	1.2331712659782799
1.0	3.581925075059751
1.5	2.9577738059523186
2.0	2.43570484967664
1.0	0.6988615729808694
1.5	0.08990882807592837
2.0	2.0710467609811474
1.0	1.5791281471648215
2.0	0.7902200335262088
1.5	0.6706084214263545
2.0	2.279420065101834
1.0	-0.2802118575452346
1.5	1.590052873640647
1.0	0.823246166181319
1.0	1.2194172431220487
2.0	0.5883605706581987
1.0	-0.41467788178035137
2.0	1.1613145184546172
1.5	1.3974595744720608
2.0	1.488059886570484
1.5	1.203126890507874
2.0	2.0204354533997133
2.0	2.4467291134164233
1.0	-0.2988581202014928
2.0	2.3530027096959545
2.0	1.2082230759795578
1.0	1.4127762545984077
1.5	1.4505716717314798
1.0	-1.1934950457851654
2.0	2.823316549412353
2.0	2.7260649923712172
1.0	-0.9602327209276253
2.0	2.791577598412511
2.0	2.550869000599041
2.0	1.637640563598349
2.0	2.7588800387299264
1.0	0.2540691009085252
2.0	1.2676169909256878
1.5	0.1992649061115972
2.0	2.099220955141422
2.0	2.8064886715381516
1.5	2.853496647717794
2.0	2.3276489155822997
1.0	0.030832496790646036
1.5	1.6062212889630365
1.5	1.4108134065914961
1.5	2.2296006058442455
1.5	1.3170639374160686
1.0	1.919100334948173
2.0	2.122311834851321
2.0	0.22943899763935272
2.0	1.565306617030717
1.5	0.07831811225504737
1.5	0.9812472913358843
2.0	1.9772908540520062
2.0	3.025281530762565
1.5	2.087108550286491
2.0	1.9538043291294735
2.0	0.3307633596586437
1.0	1.2525451129171599
1.5	1.062308124841569
2.0	1.5019171338473214
1.5	1.2121446939033684
1.0	-0.10639786847634225
1.5	1.8067051875156155
1.5	1.5926319385034071
1.0	0.7301935139782224
2.0	2.452437982486001
1.0	-0.28476851427277716
1.0	1.023207161004923
1.5	1.9802509589216974
1.5	1.0999161522315708
1.5	1.292582689493728
1.0	-0.8335924836758661
1.0	2.153638294774079
2.0	2.969344888299489
2.0	2.9959684742305157
1.0	-0.3703982271538411
1.5	1.00507977413664
1.5	0.6632037094275776
2.0	2.8188413299642945
1.0	0.6646932061324691
1.5	0.8898394662390612
1.0	0.00830912669410322
1.0	0.1756644353578377
2.0	2.683321931482653
1.0	0.9082087302555794
2.0	2.7436902053233077
1.5	0.7404347427676956
1.5	1.7645560703482874
1.0	2.0934529838249305
1.5	1.3102558266456457
1.0	1.7949330153046847
2.0	2.5880650721496696
1.0	0.20820074945214306
1.5	2.181098251536841
2.0	3.1852492547670237
2.0	1.6596393675765309
1.5	1.0885005762099154
2.0	1.205144369154965
2.0	2.8619714224389385
2.0	2.4145471948793227
2.0	3.552359172778261
1.5	2.208611999172447
1.5	1.909332026198654
2.0	1.2556372362125456
2.0	2.381553642430548
2.0	2.2770166446365145
1.0	1.709480884390182
1.0	2.4577892597151516
1.0	0.14025637779780098
1.0	1.4036467730723405
1.5	1.7722258339892787
1.5	0.9143182218289768
1.5	2.167950626445588
1.0	0.8358285033733519
1.0	0.5503719570338793
1.0	-1.2652532591855024
1.5	2.3148066614161706
2.0	1.2722548051401708
1.5	-0.21831934662086327
1.0	2.0397661741368007
2.0	0.7283765900142889
1.5	2.7845920888460007
1.5	2.1449320953576523
1.0	1.4851883540220616
2.0	1.4860784166067122
1.0	2.427736405641069
1.0	1.0646126964548281
1.5	1.3841068158691463
1.0	-0.06541422203938785
2.0	1.3854097363641849
1.0	0.9963579364846356
1.5	2.960722466257074
1.5	0.4433647351393648
1.5	0.4837540990132507
2.0	2.3481324251086724
2.0	2.8474323084709408
2.0	3.2934499937317283
1.5	0.04997340768239833
1.5	0.8292199907255147
1.5	0.47464658981156815
1.5	0.39035668566003134
2.0	3.8131414184487227
2.0	2.7864096706131383
1.5	1.836324658095422
2.0	0.08706524903903001
2.0	1.9653907135451076
1.0	2.036580434284202
2.0	1.8744897910268576
1.5	1.2352067315853354
2.0	2.918262120957934
1.5	0.9602044117787457
2.0	2.858396660880253
1.5	-0.18588724553413605
2.0	2.3320311578507376
2.0	2.5839234740261903
2.0	-0.05271619801161487
2.0	0.3699348192302718
1.0	0.0070847007817130825
2.0	0.8437354263221377
2.0	1.921640479630547
1.5	1.1763393589197704
1.0	0.6809499797596665
1.0	0.2154393782716254
1.5	0.9339875183177211
1.5	1.3616782944918953
1.5	3.8690032204111975
1.5	-0.43045785587348706
2.0	2.109419442933135
2.0	2.837671440749855
1.5	0.6122074012566092
1.5	1.0117459895884302
1.0	0.9738677856017515
1.5	1.3686145858085765
2.0	2.470098180348689
2.0	2.0756484177201977
1.0	0.9010471634390229
1.0	1.3299505811560377
1.5	0.21028193904579795
1.5	1.0893801165969457
1.5	1.1832597571009755
1.0	1.0564563819303492
1.5	1.5213150805713866
2.0	2.348691392932919
1.5	1.8094658280434421
1.5	2.638763496749304
1.0	0.9211249109726797
2.0	1.9774430867550088
2.0	1.8764389818893215
2.0	2.4797047181151655
1.5	2.592487039922811
1.0	0.3407905269421502
1.5	2.2457774663986414
2.0	1.3317803917435485
2.0	1.2334314585033992
1.0	0.23887377285075861
1.5	2.0627144543546114
1.5	3.222895692069743
1.0	0.9366698797460291
2.0	1.9490241929671925
1.0	2.1545736110564446
2.0	-0.2947386836661665
2.0	1.1061250044003577
1.0	0.17943355535657046
1.0	3.339249544883307
1.0	1.779147980737239
1.0	-0.9135016945000758
1.0	1.770114625848718
1.5	0.3360887334143996
1.5	1.7189378862436033
1.0	1.9376690494060147
1.5	1.458816281105756
2.0	0.877398791500166
2.0	2.6154196494307893
2.0	0.791905841412432
1.0	1.78767842847743
1.0	0.4189468193343969
1.5	-0.3732368892628348
1.5	1.9849198173123872
1.0	1.6279960382877434
1.5	2.84833547466045
1.0	0.16944424577379624
1.5	2.357578927790912
2.0	2.9034305256983375
1.5	1.942091556528005
1.0	0.21621001516239946
2.0	0.3379101116006451
1.0	1.1583548863773747
1.5	3.522661401754826
1.5	1.019098779890706
2.0	0.09340456091143734
1.5	0.9308423162655184
1.0	2.188335495268439
1.5	1.8887177252125038
2.0	1.6691219962513189
2.0	4.238272146476564
1.5	2.2665713252217325
1.0	0.7610567868076135
1.5	0.9027090296336885
2.0	1.9501200708653081
1.0	1.6332113203889678
1.0	2.112986816513071
1.5	2.8537078163703846
1.0	0.6384948981155729
1.0	-0.18440706976605603
1.5	2.429693789088549
2.0	2.2410803126694256
2.0	1.81080405758873
1.5	2.482641749787171
1.0	1.446014782715923
1.5	2.5543249659360314
1.5	1.0230283512534908
2.0	2.7273979350186974
1.0	0.549629379337961
2.0	1.169621070491051
1.5	-0.18392256975139154
1.0	1.3484162516708018
1.5	1.297365971045137
2.0	2.5952589155521215
1.5	2.6779824619636203
1.0	0.8848069083195421
1.0	0.39103769438748615
1.0	1.9971428158124132
1.5	4.051181526123755
1.0	1.1510337904961645
1.0	0.6615314797796084
2.0	1.986952499274398
1.5	1.4471202290852148
1.0	0.7033686075723902
1.5	2.3527027975827615
1.5	0.24349828606515644
1.5	1.4294675203036413
1.5	0.9105550307872753
2.0	3.3983858149367228
1.5	1.8049766861397347
2.0	1.105799911920542
2.0	2.440117625412291
2.0	1.4209661260409518
2.0	2.0294023427501755
1.0	0.520606960426925
1.5	1.1563218690130228
2.0	0.6898710473947529
1.0	1.4877657642511615
1.5	2.1184193966790628
1.0	0.43739054017912615
1.5	2.3931009173512896
1.5	2.8601780230562626
1.5	3.08968060265492
1.5	3.16195441593174
1.0	1.010840499643654
1.5	3.0695111580803767
1.5	1.7517677331422472
1.0	0.10941951039517939
1.5	1.5158274706218269
1.5	0.2575792483287471
1.5	1.9282246881736678
1.0	2.3292200072948166
1.5	2.327692699107682
1.0	0.2548423128003261
1.0	-0.6173364840361792
2.0	1.0550861108012974
1.5	3.0526209549776393
1.0	0.4127330549533119
1.0	-0.2604168338264157
1.0	3.079577899959579
1.5	2.0326116472731828
1.0	1.344086150014849
1.5	0.5209608181746402
1.0	0.8521673844177542
1.5	2.712183814494515
1.5	2.285734691763894
1.0	1.7373541917305455
2.0	2.64556012807864
1.0	2.012018382540687
1.0	0.6812639195750209
1.5	0.9278452755809402
2.0	1.9191446588480858
2.0	3.215866273194727
1.0	-0.2139243155612578
2.0	3.1866108954482515
1.5	1.0742408511876866
1.0	1.266137983393648
1.0	1.3158658770360894
1.5	3.0165212237322816
1.0	0.5257456304268118
2.0	3.421309922937666
1.5	2.3693497103586973
2.0	2.807533108980891
1.5	1.82113285600243
2.0	3.6433321267233456
1.5	1.421315852735582
2.0	1.6192419395581736
1.5	2.657643713673234
2.0	2.3509305693912106
1.5	1.6044505221048924
1.5	1.3911060228365817
2.0	2.2736186096927575
1.5	0.08402658316522449
2.0	2.9118460448315373
1.5	1.0859505678921217
1.0	3.2218484789626403
1.5	0.6920705639224204
2.0	0.4313175277827326
2.0	1.3698902788842784
1.5	1.1352544679653012
1.5	1.1449342130490283
1.0	0.5854028204625535
1.5	2.1722061096966225
2.0	0.34278098578912286
1.0	1.2507714540732882
2.0	0.6704177327826704
1.0	2.4955220728801795
1.5	1.1045695977588574
1.0	2.7470886484898633
1.0	1.2648525755099482
1.0	2.6062817684924804
1.5	3.0266333414789237
1.5	1.9341763459553458
1.5	0.8240672089145591
1.0	2.36703861703944
1.5	0.2205164027536466
1.5	1.0205190780490174
1.0	1.7162092013632217
1.5	2.2241451573190236
2.0	1.3148477698464411
2.0	2.7542687310700447
1.0	-1.295263253240623
2.0	3.5124675873367623
2.0	3.0239644741054583
1.5	1.0930197107600979
1.0	-0.4844588644613035
1.0	1.0150083368873235
1.0	0.998648337094846
2.0	0.8151978567667504
2.0	1.7501480649939511
1.5	1.9090476106816436
1.0	0.06272321497122901
1.5	2.5707458203332756
1.5	2.3330828002708466
1.5	1.9533769862125683
1.0	1.359948907671639
1.5	-0.3202748032244247
2.0	0.356148741934484
1.5	2.9386431189515227
1.5	2.4454358245913985
1.0	1.3432705107882112
2.0	3.1008718107919115
1.0	-0.6748148668535305
1.5	-0.39972513057357406
2.0	0.8501727538345327
1.5	1.8935916730806328
2.0	0.7703185980808145
1.5	1.385118899208656
1.5	0.48554216948833173
1.0	0.5292607631239397
2.0	2.1503288487915806
1.0	0.2681531997773823
1.5	1.7697558971089002
1.5	1.3829174789161987
1.5	2.142493806933552
1.5	0.6016345780981537
1.0	-0.21176241443687838
2.0	1.5237604085210492
2.0	2.7507967291086386
1.5	1.9225520790004331
2.0	0.5393405352033269
2.0	2.2369406794021938
1.5	2.2693800038032954
1.5	1.114929291387206
2.0	2.1204765091027866
1.5	1.8013076400620767
2.0	2.5287965459070145
1.5	0.9277782639819292
2.0	-0.31654000883623645
2.0	1.9474471408152516
2.0	1.8987213245307162
1.5	2.767989485917787
1.5	2.367185555676124
1.0	1.8940910149728096
1.5	2.8460053361426105
1.5	2.490533673807975
1.5	2.062302770710979
2.0	2.6629550965068396
1.0	-0.3697722527297511
2.0	3.148144297517243
1.0	1.0067588486839085
1.5	1.9336193754037887
2.0	2.6279244676889992
1.5	0.18826798823182211
1.0	0.5678858179917634
1.5	2.87698263451989
1.0	1.5229870278162854
1.5	0.48425942503956687
1.0	0.12233748756151797
1.0	0.6554163679081288
2.0	3.0020738278637937
2.0	1.7597084408007666
1.0	1.0141009815275195
1.0	1.572767770165315
2.0	1.6463359593256368
1.0	-0.2607378826522333
1.0	1.9022778518684142
1.0	3.0401037511334468
1.0	3.195786713923637
1.5	1.8311974868149874
2.0	2.435612132113883
2.0	1.9538896253323406
2.0	3.166759893660622
1.5	2.0282025215540456
2.0	2.3151331635296097
1.5	1.7452219634131403
1.5	1.5705702511056783
2.0	1.8379607554041113
1.5	0.28125142944769244
2.0	1.430652067327907
1.0	0.9474347674745879
1.5	0.89845579117669
1.0	2.159474475221952
1.5	1.846278955900348
1.0	-0.3247845855310716
1.5	2.1165027231333164
2.0	3.620753341324299
1.5	2.3647662586230407
2.0	2.221761748732381
1.5	2.231539089493802
