Gaussian Generator(1.0): mean=1.0,stDev=1.0
Gaussian Generator(2.5): mean=2.5,stDev=1.0
Gaussian Generator(4.0): mean=4.0,stDev=1.0
2.5	1.8439868282481486
2.5	2.4471867846029807
4.0	5.871072291721173
4.0	2.2193000526021835
4.0	4.503069574561984
1.0	0.15921216324860266
4.0	4.289594765062254
2.5	0.8705287177008116
1.0	2.5839619463962915
1.0	0.689552316804027
4.0	3.957368059760791
2.5	1.598094661433226
1.0	1.0724780631724837
4.0	2.2777233094744482
2.5	1.9849647062895437
1.0	0.7211622467817579
4.0	3.5412606844070114
4.0	4.6789710499416755
4.0	4.8799965992664465
2.5	3.4743709118321187
4.0	4.991616673556502
4.0	4.330933094768982
4.0	4.735643424607293
1.0	1.2908380981984329
2.5	3.198768845260585
2.5	2.6393983461374915
2.5	2.412266772391584
2.5	2.274095681337812
2.5	3.7709678812828034
2.5	1.40560714205016
1.0	-0.5510026664845569
2.5	2.2902297696919955
2.5	1.242927860532864
4.0	3.919175424125713
4.0	3.363685903954828
2.5	2.3122623519691463
1.0	1.1760285746559322
4.0	1.6569461139171406
4.0	3.6186542742783843
1.0	1.0611643304571774
1.0	-0.14621758492873638
1.0	-0.043750082760255715
4.0	3.3276830554909673
4.0	3.7469607878614757
4.0	3.2008650166397095
2.5	3.290394695288811
1.0	1.356388572233291
2.5	2.6979593379383315
2.5	2.9419052370171257
4.0	5.403901269942514
4.0	4.117169520112436
2.5	3.6869274064197493
2.5	3.2657771484566345
4.0	5.581839665841445
1.0	1.148216265150518
4.0	2.628505995574197
1.0	1.662989915036687
4.0	3.2383265899090574
4.0	2.508914785077468
2.5	3.74234952717603
1.0	2.4129777749748307
4.0	4.326350468292965
2.5	2.3282496056426876
1.0	1.4704344459179264
4.0	4.494757113489155
4.0	4.258032738012245
4.0	4.614409869551889
1.0	1.508413642980189
4.0	3.123486012931897
2.5	3.890677008892964
2.5	1.9283293904692105
2.5	2.6092270661615684
4.0	5.388730942474348
1.0	0.7537782898637894
1.0	-1.1833823135309398
2.5	2.3347424958760254
2.5	2.7744968163290706
4.0	4.9536580862843245
2.5	1.2858229201259512
1.0	1.1683643207968515
2.5	3.1829300168746153
4.0	4.926158038377076
2.5	2.9107876378693924
1.0	-0.39449134835285804
4.0	3.694763659952566
2.5	0.6146471294453233
4.0	5.234418347424045
4.0	3.4947149398575132
4.0	3.734776044327536
2.5	3.1336377456254807
4.0	3.7005383166562926
1.0	0.6338136338290203
2.5	3.467183269901531
2.5	4.003339347450962
2.5	2.705693435115259
2.5	1.774959567048938
2.5	2.366485035177509
2.5	2.6695831566289345
1.0	1.9862789078418726
4.0	4.809078419978693
2.5	4.11122943290788
4.0	4.9569712628391045
2.5	3.869694016556749
1.0	-0.1073934307563118
1.0	-0.2812885186114322
1.0	1.5391389461744405
4.0	5.427449826931383
1.0	0.6561609155084736
2.5	3.3361827752646103
4.0	5.772706889176105
2.5	1.5222228357423049
1.0	-0.3759293341465473
1.0	1.0731702061678698
2.5	1.434764790314126
2.5	1.9787502342280812
1.0	1.0806487329057042
4.0	4.387328654326753
2.5	2.3046400876560096
2.5	1.055888699722322
4.0	2.4617899793867384
1.0	-0.020883792307588855
1.0	1.3950769933571714
4.0	3.5915947568043274
2.5	1.9430651030646233
2.5	2.886402369309085
1.0	1.4126493154753754
1.0	1.774454644340267
4.0	2.49832651235885
4.0	4.474071983459285
2.5	1.6781553683716561
2.5	2.500937778988477
1.0	0.14435336014256828
4.0	5.63038695194258
4.0	2.9518861570517445
1.0	1.367063691927681
4.0	6.362163985975581
1.0	0.8171000823222715
2.5	2.670151201988563
1.0	-0.1829097615913533
4.0	3.2348329774733187
2.5	3.0773125480756063
1.0	0.7200692058692462
2.5	3.7187064752793706
2.5	1.469299894511026
1.0	1.8101752589879176
1.0	1.3039788735888327
4.0	3.1259767955103905
4.0	5.414220830461857
4.0	3.8388936035802734
4.0	5.349804391772891
4.0	3.5215664760391516
4.0	4.984610415646867
1.0	1.5695758853664192
4.0	4.266119568043491
2.5	0.45581085231613905
4.0	2.7414395579997617
2.5	2.8582629907104766
2.5	2.384685634309582
4.0	4.042770357880106
2.5	2.5879677161280172
1.0	2.5043935080177544
1.0	0.643643802036098
1.0	-0.7413897777268932
2.5	4.029296540042096
4.0	3.5790887574524097
2.5	4.44497209713665
1.0	0.577512111067124
1.0	1.3370751799398697
1.0	0.8137085988591051
1.0	1.2597827080526436
2.5	1.1771942239297823
2.5	2.2594621668891395
2.5	3.206087267846406
4.0	2.7408227527854425
1.0	1.6569889587087228
4.0	5.155661342913456
2.5	3.007113011310353
1.0	1.0089760996495594
2.5	2.232778760074115
4.0	4.775024230696092
1.0	1.0016382487923294
4.0	4.05173864665291
4.0	4.0925359944922555
1.0	1.4354011429950928
4.0	4.162143299991636
2.5	1.486469102566868
1.0	1.0502449638276092
2.5	3.1844918104439084
2.5	2.9794300197276344
1.0	2.256457846133425
4.0	4.2256250694541375
4.0	3.3785037057055276
4.0	4.909076549010298
1.0	-0.9612564625511328
1.0	1.9037401940052816
2.5	1.0710451340996423
4.0	3.3954061428857916
4.0	3.366290436841558
4.0	4.663874018332885
1.0	2.368098571614712
1.0	1.424769840418933
2.5	3.3809931329059513
1.0	1.5048928438552105
4.0	4.177082502695649
4.0	2.5981484713476073
4.0	4.52736079839535
2.5	2.3631679085081245
4.0	3.965172654444452
1.0	1.2146276317017495
4.0	3.5569009864656445
2.5	0.8758931395439413
1.0	-0.5223342052126265
1.0	1.6099609263127541
1.0	1.357268115110727
4.0	4.738883360222987
4.0	2.843729849921031
1.0	0.6005014764797878
2.5	1.29851254904056
4.0	5.763721276965299
2.5	2.4279736862344246
1.0	0.3889279313207751
4.0	1.3761222578279955
2.5	3.6576383597494178
1.0	1.2258094124589916
4.0	2.7544787899179695
4.0	3.970550682894299
2.5	0.7783383671778377
4.0	3.7262892547691453
1.0	0.6770795592928036
2.5	3.2222679344010166
4.0	2.904754864068064
1.0	0.7835450587331708
4.0	4.056324663734764
1.0	-2.3211689102953033
4.0	2.8044863278588044
2.5	3.9139684605751563
4.0	1.7784415397022917
2.5	3.68716661836907
1.0	1.2900170155098802
1.0	1.0170732279311108
2.5	2.762758142832246
2.5	2.5718169233686985
2.5	1.9766540096469107
1.0	1.0078167038554964
1.0	-1.0624382114904805
4.0	3.267907749031589
1.0	0.21007718296916789
2.5	4.8078593879533615
1.0	1.4477513465117045
4.0	3.1997022384983285
1.0	1.6614537571873003
4.0	3.1728451952589367
2.5	2.0053389390252114
2.5	3.8386865120381564
1.0	1.2231308455236878
2.5	0.9128781450915662
1.0	0.6764932891900199
1.0	0.33928626445516363
1.0	1.1402615654202246
4.0	2.6968229380794586
4.0	4.588544452657862
2.5	1.7557755575329337
4.0	2.2199614057517536
4.0	3.8194971057761085
1.0	0.0031455819691447173
2.5	3.990502809277394
2.5	2.2767065911534003
4.0	2.022915205727176
1.0	1.0590155404502084
4.0	3.0919527352285274
1.0	1.9791275241315072
4.0	4.4398007877132395
4.0	5.036195300518109
2.5	2.165888356754822
2.5	-0.11425503823700067
4.0	3.5533951434124242
4.0	5.767054208420184
1.0	1.331208476653248
1.0	1.4752279438328255
1.0	1.5363942940174624
2.5	2.99015923697171
1.0	2.3776761858268864
4.0	5.074407181120055
2.5	3.1572798629755727
1.0	2.727908175912359
2.5	3.31500945431668
4.0	5.0219782793265475
4.0	5.230114538806108
4.0	4.110843395261465
4.0	5.724751124775985
4.0	4.097598429147996
1.0	-0.7158058252146131
2.5	1.7147584225015997
1.0	3.068044636596714
1.0	1.1629230143259097
4.0	3.9994355714257006
4.0	4.34265629401048
2.5	2.867853582327553
2.5	3.7729398411725414
4.0	3.671762843692144
4.0	4.185907568273512
2.5	2.443785992745257
2.5	1.681706488716076
1.0	2.2365183345826445
1.0	2.7315679761035865
1.0	1.82803063963356
4.0	3.6335165497528723
2.5	2.9115624356153593
1.0	-0.5142091468701429
4.0	5.200863101711591
2.5	2.6281972061770595
1.0	0.7019515416613149
1.0	-0.26158249521361343
2.5	3.368988181643962
1.0	1.9820454216841652
1.0	-0.29915007842780716
2.5	1.929537396451773
4.0	3.3124696718291573
2.5	4.130043897710108
1.0	-0.9786578453411499
2.5	2.6893438373363527
2.5	3.8723390122053596
4.0	3.265398142400251
4.0	3.611433034220499
4.0	3.4086115222631115
2.5	3.401863548019482
4.0	4.2203557509486656
4.0	3.7320731860557914
1.0	1.7763875285319608
4.0	3.6043698256501995
2.5	2.517846794449109
2.5	2.7966391069268943
4.0	1.7768440904192628
2.5	4.256385794867315
4.0	4.524282991050449
1.0	0.6879283814400317
2.5	1.1843773501055217
4.0	3.3799541238777544
4.0	2.2903900893330125
2.5	2.176743806510037
2.5	2.8718423931948918
1.0	1.993993470287799
4.0	4.546608625863704
1.0	0.43917765920091134
2.5	2.294655757756115
2.5	2.7263778127780864
2.5	1.528987054848701
4.0	3.99391815653422
2.5	2.05415145502413
2.5	3.355842942486386
1.0	0.9030099775439212
4.0	2.901107786842679
2.5	2.9468172374040944
2.5	3.030125723354159
4.0	6.664870036853004
1.0	1.1321159440264925
2.5	3.4900841685883277
1.0	1.5142104689536957
2.5	2.4944197210330805
1.0	-0.28808027484223797
2.5	3.0617614884209585
4.0	4.664033519819082
2.5	1.9891439526031718
4.0	4.621736732745812
2.5	3.760651751624113
1.0	0.5954878454929342
1.0	-1.4071436953651677
4.0	4.069520871455272
4.0	4.324776321042965
2.5	4.162950790600725
1.0	2.228127952582832
4.0	3.9169860542622934
4.0	4.296896514186848
1.0	1.2798653026776265
2.5	3.6302303643245795
2.5	3.4164721353452
2.5	0.5712664914275518
1.0	1.771173896733059
2.5	0.9642998811418426
4.0	3.870842024893823
1.0	0.4814840841776532
2.5	2.863998272668024
1.0	2.7111653555077
2.5	3.192872020714227
2.5	2.885032093066943
4.0	4.633433542979005
4.0	4.248905181082756
4.0	4.423493685872136
4.0	4.730234162058653
2.5	2.7825085149758144
2.5	2.22694716885176
1.0	-0.5764547736578174
1.0	1.418916157152994
4.0	4.001644905021139
1.0	0.8749406679597029
2.5	4.787600844203817
4.0	5.159066390342092
1.0	2.571870008492147
1.0	0.41422523891734353
4.0	5.281155012959343
2.5	2.621834458068054
2.5	3.7018427160945
1.0	0.6646293403876771
4.0	3.907043272004724
2.5	1.0340116660925436
1.0	2.0313198598053983
4.0	4.345961953227162
4.0	3.4007840905797186
4.0	4.407747505404649
4.0	4.7476562503753685
4.0	2.681622491800229
4.0	4.380647726155461
1.0	1.3238403616930259
1.0	-0.4068865430103821
2.5	3.3155022968563266
2.5	2.051289024923517
1.0	-0.5383598096661382
4.0	5.670761002837887
4.0	4.004162759952162
4.0	2.4453264074554273
2.5	4.423418609862696
4.0	3.4633086398793127
2.5	0.928644556354933
1.0	2.375283051417389
1.0	0.9702657655592218
1.0	1.2059628934217543
4.0	5.792210508326282
1.0	0.36325847741966244
4.0	2.74529853648251
4.0	3.9156376950156004
4.0	2.449077454504968
2.5	2.6675334027896387
1.0	0.4683569773475037
1.0	0.5302605085874847
1.0	0.7596265994106037
4.0	2.6216763109536707
1.0	2.139408643844944
1.0	1.801012614182191
1.0	1.0148249605634507
4.0	3.2251507313654075
1.0	2.2211544510161487
2.5	2.3393462027849115
1.0	-0.6385557597419897
2.5	2.4227493376984692
4.0	3.9306039713137486
1.0	-0.010076040722808877
2.5	1.3097052778162686
4.0	2.779155808736605
1.0	1.594973198961518
2.5	2.9546173000999096
1.0	0.5172189411881025
2.5	2.254200153779402
4.0	3.8373606727456093
4.0	2.8545560186348524
4.0	2.075447741255352
1.0	2.580048803385579
2.5	2.5151721463737213
4.0	2.472059957987177
4.0	5.141391233083438
1.0	2.113433090758604
1.0	-0.4785940522167953
4.0	5.097994245361238
2.5	2.9107973836016665
2.5	2.9251281762941344
1.0	1.8553317009428787
4.0	4.38340958707117
2.5	2.0472497359112705
4.0	4.921897343922226
1.0	2.064423636264025
1.0	2.5304768739843406
4.0	4.309653208792865
1.0	2.493745036266371
2.5	3.7434656865364153
1.0	0.5612930041187636
4.0	5.787733689698984
2.5	4.221564230829456
2.5	1.4594523615919919
4.0	3.900607481341904
1.0	3.133487895052769
2.5	3.8914588911178734
1.0	2.4701589356769076
4.0	4.783770724046926
1.0	0.17437850510836173
1.0	-0.08994406168722935
2.5	3.1111080540307974
4.0	4.383721782500377
4.0	6.104145621587179
2.5	1.9606144508473946
2.5	2.862574928682791
4.0	3.596384846103047
2.5	0.5605279890706736
4.0	1.8773887456375817
1.0	-0.07746880572248016
2.5	3.0253277383349344
4.0	4.821529935847889
4.0	4.614606733801203
2.5	3.9189355758401594
2.5	2.224645836222239
1.0	0.8916368439467592
4.0	3.7774202285032836
2.5	0.8068398112410577
2.5	3.583458384884299
1.0	0.8326672690545516
1.0	1.7512178502152111
1.0	1.1874490879039152
1.0	1.669894349923561
4.0	3.4548839929491875
1.0	2.4030001850206677
1.0	1.1189146263436913
4.0	4.408314679365935
4.0	3.371846418723977
1.0	1.0573665089712674
2.5	1.4145484595772015
1.0	1.1889840227132333
2.5	2.590834029777941
1.0	-0.25597985643281707
4.0	5.25831707360752
1.0	2.115184897827978
1.0	1.7397744976832201
1.0	1.3724665509739091
2.5	2.442785212612658
4.0	4.213065392401585
4.0	4.594708985312668
2.5	3.904365057919124
4.0	3.4156339558997213
1.0	2.593326771340599
4.0	4.0107877960366745
2.5	4.136094235401737
2.5	4.31314876649179
4.0	4.301685266947002
1.0	2.2788173299312446
1.0	1.457290673698976
2.5	3.107470640960324
4.0	3.600000378107935
2.5	3.9748375664956557
1.0	0.8823635022920407
2.5	2.6202849683947056
2.5	5.406085569320608
4.0	3.2075320815009607
4.0	3.323780114120849
2.5	1.1307725978358047
2.5	2.2168540557335263
4.0	5.9849976729574035
2.5	2.7487685349625153
2.5	1.9208572797771595
1.0	0.16020418292074656
2.5	1.8780462157397437
2.5	3.3252915663428615
1.0	0.774465010646113
2.5	1.4959233711868019
4.0	5.432316130498052
4.0	4.1928103772590335
4.0	3.1426062329249427
2.5	2.0395547970402914
1.0	0.5734512611045526
1.0	0.44432694871605904
4.0	4.130295138070254
1.0	1.5093381795747476
2.5	4.208582532989857
2.5	1.2545829199603615
1.0	0.1370851427125097
1.0	0.9884482410691231
4.0	4.505098979064298
4.0	4.362369601073033
4.0	3.84153165929468
2.5	3.1057535934518365
2.5	0.6899283697017133
2.5	2.3940045297991652
4.0	2.9035977643315705
1.0	2.019683393416961
1.0	1.8261169758803841
1.0	0.3763919676682761
1.0	1.1024135071001882
2.5	3.842462433406055
4.0	2.7815399211930734
2.5	0.7012799237250473
2.5	1.3091107974139915
1.0	1.9749193713874855
4.0	4.040104804026902
2.5	1.1796260385825084
4.0	4.777419898946409
2.5	0.9984112037735997
2.5	1.6823703934792396
2.5	2.502905220311833
4.0	4.930997963074339
4.0	3.6031654082198297
2.5	4.6708486914137275
1.0	0.7542144311174733
2.5	3.118596178868528
1.0	0.9931679655302977
1.0	0.9928349797016695
2.5	4.038726327232572
2.5	3.0683450976979536
2.5	0.9018722304373294
1.0	0.6385329043797172
4.0	5.321989990363745
4.0	4.683581045474016
1.0	0.799006451064091
1.0	0.36650483012412005
1.0	0.0996566406680357
4.0	3.344647928960343
4.0	2.952567543550014
1.0	0.6336214180468949
2.5	3.791020902265723
1.0	0.3056698986950527
4.0	3.699633882331856
4.0	3.385174799142804
4.0	3.381389090436958
2.5	1.92966785063077
1.0	1.235261821961276
1.0	1.6366523186928903
1.0	2.1643057424281276
2.5	2.560914417641113
2.5	3.6590523758503615
2.5	2.5678206007395348
1.0	-0.06920999017695317
1.0	0.9723336463285066
2.5	2.2387559874039256
2.5	3.0228890827689874
2.5	2.652274190968426
1.0	0.019289887708616393
1.0	-0.12243852976630154
4.0	4.259089750073067
4.0	3.81647631154172
2.5	2.951680762079998
2.5	2.6073417477343375
1.0	1.6054197004524973
4.0	5.34076189907549
4.0	4.232461898579306
2.5	2.6998814019780855
2.5	3.1322570527418763
2.5	2.834467342528525
1.0	1.2287575286574692
4.0	3.822469537071302
2.5	1.9797935802900604
4.0	3.592409779691367
1.0	1.2142927055088442
1.0	-1.2354345849824817
2.5	3.0228897077894445
1.0	1.3776014656866307
4.0	3.676748303337436
2.5	3.6904973806694423
4.0	5.229604591629523
2.5	1.7726967771292417
2.5	2.7049567919546473
2.5	2.7268475885254158
4.0	3.563578603614361
1.0	-0.5235250609042084
2.5	2.5882479728434
1.0	2.628129701725104
1.0	2.2524198252737726
1.0	-1.0220546180038497
1.0	-0.9279561685256006
4.0	4.291910567583744
4.0	6.272509610828476
2.5	4.7383846274229215
2.5	3.6955600628759147
4.0	4.449356256672439
1.0	-0.42524866069863076
1.0	1.7879323390381356
1.0	2.490591659889604
2.5	6.022072833709556
4.0	1.9155195953880044
2.5	2.4988898845803478
2.5	1.5613555154254215
2.5	2.1652157728523385
1.0	1.6486685630058502
2.5	2.052566560128727
1.0	-0.05349907050437919
4.0	4.316442022185314
1.0	-0.6048527793435587
4.0	2.6544422595057853
1.0	1.0218649102089656
1.0	0.3518696605130863
2.5	2.3110698919169717
2.5	3.0961569066091466
1.0	2.008887703333728
1.0	-0.5124118037890466
1.0	1.9955194176040656
2.5	1.3549896735310227
4.0	4.016960797442596
2.5	2.7439101671712485
4.0	4.865839677090174
4.0	4.605990375081012
4.0	5.17000800206647
1.0	0.9725873272218393
2.5	2.73307101651483
4.0	5.700990406028829
1.0	1.1193283211909297
2.5	3.514614997500925
1.0	0.09428789339794141
2.5	2.335117783911104
2.5	3.621266579166159
4.0	3.874933987450979
2.5	1.944821989231633
4.0	3.4339640046163695
4.0	3.4071245520791953
1.0	0.907037785504705
1.0	1.2213698746410944
1.0	1.2854782221214618
4.0	5.29029031787817
4.0	3.3251817968124286
2.5	2.5729943180909585
2.5	-0.09334425999663054
1.0	0.2955571820001852
2.5	2.735311734243524
2.5	2.1426872850652945
2.5	3.2966111516368377
4.0	3.714662098018504
1.0	0.22611903976324177
1.0	-1.6024932082164076
2.5	3.0888860732004306
4.0	4.966223260945159
4.0	3.4811517600936615
4.0	5.338568219534373
2.5	2.2275562289124937
2.5	3.788199792937126
2.5	2.9546230647045704
2.5	2.333261133746211
4.0	2.617706704379949
4.0	3.558819188301309
2.5	1.2604983024420848
1.0	0.01504704876306151
1.0	0.193785925445619
1.0	0.07166216325122843
1.0	0.488058839628165
1.0	1.3059489625624627
2.5	2.0882917192531103
4.0	3.7111911136862674
2.5	2.8211104136407763
2.5	2.928138011971537
1.0	-0.9526744221462886
2.5	2.117692188813378
1.0	0.5603733183418739
1.0	1.8962044212812572
4.0	3.944417634281784
1.0	0.12191597338107663
1.0	-0.09010722980264307
4.0	3.3844330311167683
2.5	3.462895303069728
2.5	1.588621010454569
1.0	1.8140363465701341
1.0	1.9434290693222454
2.5	3.096825363996999
1.0	0.33547094220003604
4.0	4.697032854151253
2.5	1.9805045536308064
1.0	1.9713285597570356
4.0	3.2752132457669876
1.0	1.9996364225381078
4.0	6.215812039012205
2.5	0.9309462935092352
4.0	6.490189116964923
1.0	0.7741994542067111
4.0	2.9828941420691297
1.0	1.1091179689685746
2.5	3.1684318920793855
4.0	4.516807791844924
2.5	2.203684625583535
2.5	4.06402735814661
2.5	2.1003673905383957
2.5	3.6005132460517713
1.0	0.3913260408032998
1.0	-0.25418788204062515
4.0	6.001222357332996
2.5	3.0903923556169017
2.5	1.214325988263663
1.0	1.2041137009087737
4.0	3.933023807200662
2.5	2.0625105788178315
1.0	1.0404302079032013
2.5	1.8178785615588562
2.5	2.2233454995709527
1.0	1.1296279463604355
4.0	3.048661472290476
4.0	1.87977792671755
2.5	4.296166072138021
1.0	-0.2607879668634736
1.0	1.5523329138186708
2.5	2.4958313678335093
1.0	0.9477825482776813
2.5	3.0058278272702847
4.0	3.90611491963253
4.0	4.62637851850034
2.5	3.504101121515249
2.5	1.6464779129157021
4.0	4.561869056792549
2.5	2.5709307889665998
4.0	2.539897121409761
2.5	1.899010754907441
4.0	5.159258928270278
2.5	2.7139028744483893
4.0	2.9673006063234775
4.0	4.018503358693567
1.0	1.4892935572522505
4.0	5.544429394544023
1.0	-0.2588744154838363
4.0	4.269116555085587
4.0	3.678276229369324
1.0	1.2596579509477364
1.0	-1.1745101993268792
2.5	3.1091489835732595
2.5	3.5807914170924056
1.0	1.4346419547505125
2.5	2.145653873468336
4.0	6.251201088726683
1.0	1.6896482757227815
1.0	0.4687561163805033
1.0	-0.1334311490940494
4.0	4.331285170068499
1.0	0.6483074168505718
2.5	1.661292683739893
2.5	2.5556101758516676
1.0	0.15705779563187627
2.5	2.585898848215208
4.0	5.63545275521109
4.0	4.813962988104742
2.5	2.763579516543815
1.0	0.6475525134325542
2.5	2.6634462399951984
4.0	4.381782372300775
2.5	0.6980301467687473
4.0	3.825804785125315
2.5	3.199156497502319
1.0	0.5817636750651272
4.0	3.812206713937095
4.0	3.3402314927486185
1.0	0.8980479857674344
4.0	4.4347715066259825
1.0	0.16310909943419827
1.0	0.4969052034957484
4.0	4.7477568535474095
2.5	2.0269565018295848
2.5	1.9033099424887094
2.5	2.698259747077745
1.0	2.103699797991298
1.0	0.33001739651361717
2.5	3.190356777478261
2.5	1.5478296892724672
4.0	4.044586002718817
1.0	0.1777033544988902
1.0	2.284185548182402
4.0	4.591376566487476
2.5	2.5439022701030063
1.0	2.6604799855873003
1.0	1.8840776612969954
1.0	1.0122033419475711
1.0	0.32856652826265664
4.0	4.3327245059081285
4.0	4.623763950853109
2.5	2.748136105096522
1.0	1.367328005199752
2.5	1.980320469460701
4.0	4.1014479446052015
1.0	-0.16785790704145298
2.5	1.8243481867472724
4.0	4.874523832718098
4.0	4.891154620525578
4.0	3.8316952406096974
2.5	1.3862404087617524
2.5	2.353751454849385
1.0	-0.5785320691615514
4.0	4.03921750280432
1.0	1.9571032848418364
1.0	2.167159121846046
2.5	3.4670611382535204
4.0	4.5078508503618355
1.0	-0.5576379070683828
4.0	2.7279834021498783
2.5	0.9025041234591149
2.5	3.5974460912283943
4.0	4.403041187309372
4.0	4.552097784801226
2.5	4.153500799759122
1.0	1.0522036126866048
2.5	2.5006097321219936
1.0	0.3866896932847089
1.0	0.7046306837719365
4.0	3.2244748198812654
4.0	3.1388690360166907
1.0	-0.9926056458897743
4.0	4.430976003110017
1.0	1.3747307690846586
1.0	2.1073464105081587
2.5	2.3933443752704338
2.5	4.638895056368504
4.0	3.7457987038482785
2.5	1.0891768115220966
2.5	1.7236198723823397
4.0	4.5677357878777025
1.0	0.262535500161992
4.0	5.007321664259125
2.5	3.3215694636574153
2.5	2.2065102881303016
4.0	5.308548962548914
4.0	4.460130917195774
1.0	1.2187208851691052
2.5	0.9297500522224638
1.0	0.6171813285179155
4.0	1.3082615926978747
2.5	4.605951881890906
1.0	0.017477653169708285
2.5	3.039799204916998
2.5	3.1035427310632633
4.0	3.5459453486967694
2.5	3.536503154233414
4.0	3.3116042834295203
4.0	3.279239135370904
4.0	3.8842205984976896
4.0	3.483897690749614
4.0	2.938753748686738
4.0	4.308574371371641
4.0	4.787791653229488
4.0	3.0741306138742672
2.5	2.0993355387751076
2.5	4.930783707025235
1.0	0.2305918762706004
2.5	2.743026302195802
1.0	1.6991235161460319
2.5	3.651286560403938
1.0	1.6103047389806395
4.0	4.6998301089695484
4.0	4.3262715943332415
2.5	3.7142425414156337
2.5	1.6396966546094924
4.0	4.299848520813145
4.0	3.4316099839591274
1.0	1.0943189140824818
1.0	0.24257014685866984
1.0	1.7630232086867155
2.5	1.6108280958756847
2.5	1.3824202720349137
1.0	0.9496767658548306
4.0	3.7658046255065334
1.0	0.11814224253504413
1.0	-0.2958699273693606
2.5	3.586789106588898
4.0	5.190127331579083
4.0	3.468063554425317
4.0	1.7828531177168387
4.0	4.8667359241690225
4.0	2.7558089958177385
1.0	1.3234356286881095
2.5	1.2285295639547795
2.5	2.395729948309385
2.5	3.0469148482716717
2.5	2.8261976618138007
1.0	2.974532456792234
4.0	3.7943528091868868
2.5	3.4597747913979937
2.5	3.171692266351758
4.0	3.710281260063836
1.0	2.272959716429782
2.5	2.035652784548259
1.0	0.8286411378371878
1.0	1.5975772040645808
1.0	0.4894199743335478
2.5	1.956703212296174
1.0	1.7871648735231633
2.5	1.6578993536844804
1.0	2.01791032164813
2.5	2.848158574857835
1.0	2.753840323042668
4.0	5.38452417779334
4.0	4.6294182594481414
1.0	1.072174772964057
1.0	1.812954075443896
4.0	3.0105037080896193
2.5	2.4789370099929067
1.0	1.0777388893115076
1.0	-0.28094153088159546
1.0	0.43276534250134646
2.5	2.739870536866232
2.5	2.484268069746508
4.0	3.1555974705661067
4.0	3.9137121686929195
1.0	1.2228377108040434
1.0	0.2540987820298336
2.5	2.2113752674968774
2.5	0.5298276298236149
2.5	2.3553384915350675
1.0	0.13375231860807668
4.0	5.35331155805473
4.0	2.795912469628115
4.0	3.576377071440333
1.0	-0.20546824360359106
1.0	1.7426388910239174
1.0	2.246482472686848
4.0	4.166768391229223
2.5	0.5468521385388969
1.0	0.34448209900437843
1.0	0.6816902857192939
4.0	5.029251858542303
4.0	5.151025775892288
1.0	1.5238400830277192
4.0	3.7481765322989706
2.5	2.8518159051075362
1.0	1.318384416611973
4.0	4.521700002532702
2.5	3.000382300721102
4.0	4.132943436779668
1.0	0.48860436040736344
2.5	1.7184805262773404
1.0	-0.0973634078249237
1.0	0.9653891907811449
1.0	1.261973836201725
2.5	2.7573395711024897
2.5	1.095331518603295
1.0	0.4452611325571346
2.5	3.780171003158867
1.0	0.09190974608190294
2.5	4.703776495285574
4.0	4.222406506947905
4.0	3.2933446288337933
2.5	1.7349300488635515
1.0	2.42666136151999
4.0	4.366088490876609
1.0	1.2098407136131268
4.0	2.885388021441046
2.5	1.4760573999727522
2.5	2.799527431945581
1.0	-2.479302503884417
1.0	-0.042398461367779916
4.0	4.5872834231617325
4.0	2.4610095516076
1.0	0.6137034965885604
1.0	1.3758382056004295
4.0	4.2288839709173365
4.0	2.1911627691920024
1.0	1.7226713555535749
2.5	2.6435276300138124
2.5	2.2994929563636703
4.0	4.302242961219341
2.5	1.6945866290317908
1.0	2.4066834726362116
4.0	4.681785384769438
2.5	2.421338063611254
2.5	2.649108330124681
4.0	5.095930104983339
2.5	2.441366014357918
2.5	3.4958825021080715
4.0	3.0689629970282106
4.0	4.054682877764827
1.0	2.367030592487267
1.0	1.8576074744316868
4.0	6.366485148303403
4.0	6.621475848051736
4.0	4.061212349138663
1.0	2.6660013073726088
4.0	5.850401430068132
4.0	5.279601988436035
2.5	4.51056899408437
1.0	1.2343119319097082
2.5	3.7868511777669247
1.0	2.1058971784260283
1.0	1.9711349585328133
4.0	5.468979549993006
2.5	1.6406199880908567
2.5	3.2316840671544167
1.0	-2.7012742746355176
2.5	3.1000533848145952
4.0	2.9702380584049743
2.5	4.202144284673421
1.0	0.5300728977759304
2.5	1.3921640597349367
4.0	4.363041850538674
4.0	2.3485702724815205
1.0	1.9536355277924504
4.0	5.193557141262139
2.5	2.5070517095861073
4.0	3.465628744385541
4.0	4.28914895186578
1.0	-1.326008016139578
4.0	4.276097267458428
2.5	3.554838011433982
1.0	0.6180954510321233
2.5	2.1734880311316322
1.0	0.04784758638318021
2.5	2.1576629487678916
2.5	2.2826865704348185
1.0	0.8915243603186338
4.0	4.46103637148498
4.0	3.0509015701727584
4.0	4.154428004329812
2.5	1.0911170999402133
1.0	0.8151417590163489
2.5	2.2073376710467305
1.0	2.073497679633389
1.0	1.644511381276271
4.0	6.861105792236149
2.5	2.978316561803923
1.0	0.8129399121137946
1.0	-1.0573325781340257
2.5	1.895248738124908
2.5	4.8520676832055
4.0	3.307394731294954
2.5	1.8616417885008407
1.0	1.6686798163912195
2.5	2.2350251833930237
1.0	0.4632987634555631
4.0	2.0260813741882524
2.5	4.026396397141173
2.5	1.7636330442316348
2.5	1.1042179395713871
1.0	2.643099299338949
1.0	2.512288153627333
1.0	-0.1129130627326258
2.5	2.355073261771702
2.5	3.7470769336924556
1.0	2.357540545984132
1.0	3.126628847848908
4.0	2.921954342048675
2.5	1.6065620587132439
2.5	3.899741778833115
2.5	1.3894604477352075
1.0	1.217929519221984
2.5	4.706608811481178
2.5	2.337556028896798
1.0	1.3408199898453277
1.0	0.36794310372799155
2.5	1.0464326102342036
4.0	4.797553631166023
4.0	3.5323895807863517
4.0	4.786565120471884
4.0	4.315481968915629
2.5	2.051255137197612
1.0	2.027554641187698
4.0	3.2874621394053296
2.5	1.114392608176024
2.5	1.8537286810510127
4.0	5.585326341563936
2.5	3.6778536894139062
2.5	1.871477825756434
4.0	4.2475776464547925
2.5	3.95807793450561
2.5	2.3407386703434616
2.5	4.62812931849612
2.5	2.7474383479494198
4.0	4.4438998641758936
4.0	5.187229823432349
1.0	2.4134609456495117
1.0	0.25792223542319603
2.5	2.0912772570764835
4.0	3.6104453341261586
4.0	2.6571230732597533
4.0	3.479288016597934
1.0	2.855366276391046
2.5	0.8349092799763016
4.0	3.3172093741049142
2.5	2.4934126889712775
4.0	4.094637975700639
2.5	2.592262893517742
4.0	6.36258636584329
2.5	1.042970173743297
4.0	4.230947529123004
1.0	1.4668838754185765
1.0	0.2594811651765845
2.5	3.04383684405275
2.5	3.190968610674448
4.0	3.0685899942927306
2.5	2.724461040676446
1.0	1.106730550832353
2.5	3.3469211750002907
1.0	1.357534350672974
4.0	2.9871894592798887
1.0	0.8265102475707501
2.5	2.254710929832253
4.0	3.4868734141067006
1.0	1.971885572269778
1.0	1.8574364249204929
4.0	5.487783032089968
4.0	4.249600402702803
1.0	1.293786330345578
2.5	-0.09728604997532475
2.5	0.676460223953659
1.0	2.4488760212182883
2.5	1.7664043729958072
2.5	1.7777121340392847
1.0	2.662540131954036
2.5	2.6709589158330087
2.5	2.4583460550661664
4.0	1.8150185174504916
2.5	2.5288590973550313
4.0	4.265157616997815
4.0	4.0285443548151445
1.0	0.1333501911562459
4.0	5.5174871957786
2.5	1.5138995985297299
2.5	1.4876123012092168
1.0	-0.21693703221616967
2.5	3.4036462517154003
2.5	4.2240784209582865
1.0	1.7153055364594025
1.0	-0.6233072714963404
4.0	4.624574477427459
1.0	0.7265284171922939
2.5	2.410995966607959
4.0	2.0941810126026343
2.5	3.3518949679798586
2.5	2.3852540252802816
1.0	1.1612715217847345
4.0	3.1929806138960233
4.0	3.212643496008515
4.0	2.7645286824309006
4.0	3.8632706638203755
2.5	2.348816299625485
1.0	1.1171686778694936
1.0	1.471196640067345
1.0	0.2755596412772138
1.0	-0.041168658639840094
4.0	3.8558030934008882
4.0	3.557633672868711
2.5	4.591945683906636
2.5	0.6999913806962601
1.0	2.4498420430275534
2.5	3.1814343388118074
2.5	0.4495585704301832
4.0	4.494447512443735
4.0	3.662281357536076
2.5	3.4855314985536916
2.5	2.385752140961748
4.0	4.828249818616518
1.0	-1.0179880327984603
1.0	1.3512595668633411
4.0	3.0964087677486947
1.0	-0.12056508781132913
1.0	1.4629686094077232
2.5	1.7217251349214537
2.5	0.5535178731452521
1.0	-1.9610488224232014
4.0	4.47056688439108
4.0	5.100310373638875
1.0	1.4672121295690492
2.5	2.044742057931467
2.5	2.053882801994309
2.5	2.428814686029796
4.0	5.182466400023445
4.0	3.5739030087947006
1.0	0.006745559093269016
4.0	4.988104723986769
2.5	2.286600615861321
4.0	4.013382494322497
4.0	4.9640573982168466
2.5	1.024879079228708
4.0	2.9308006149636316
2.5	3.6944655366131656
2.5	1.41781636586371
1.0	0.4272670077731586
2.5	4.680327649561376
4.0	4.172969535957847
4.0	4.05524351114879
2.5	2.9015790314644576
4.0	4.5841691295122065
1.0	1.209308965984321
2.5	1.3963174225541677
2.5	3.4004190690683247
2.5	3.76433895060825
4.0	4.965170706116572
4.0	3.787004093804192
1.0	0.3855892451567503
2.5	4.388802245930618
1.0	0.7977024692049987
1.0	1.6118955515418487
4.0	2.1440402393457467
2.5	1.1566731364669967
4.0	4.554989614947369
4.0	3.4107928602519584
1.0	0.8408292073493233
1.0	0.2333863183388426
2.5	1.28849484208619
4.0	3.1814778895192606
4.0	5.326152828527825
1.0	1.6090746850905164
2.5	3.3101074377961
1.0	-0.21998064816185647
4.0	3.63145598068434
4.0	3.817037633893886
2.5	1.7300375407341253
4.0	4.333331265728513
1.0	1.7062482994491925
4.0	2.9240217999934535
4.0	3.7399923490481655
4.0	4.1584048553352355
2.5	1.7914382203664512
2.5	3.4705295700970744
1.0	0.01775284876168992
4.0	5.517793893000024
4.0	3.444948901053218
2.5	4.0830409461732975
1.0	0.36670499396029166
1.0	0.2288288407725202
2.5	3.2829615408828614
2.5	3.3019062381674384
2.5	2.0241413637803563
2.5	2.102009967163826
4.0	3.7503034791618273
2.5	3.1202219297863145
1.0	2.2932462695316502
4.0	4.533055516165916
1.0	-0.8941737060301751
1.0	-0.8705025525058003
2.5	-0.1696867628391412
1.0	0.27468665016353677
2.5	1.4772734850142433
4.0	2.6695282451548743
4.0	2.450851388031562
2.5	1.8604520422275854
2.5	1.5010043464350895
2.5	2.3604562272345566
1.0	0.8615599459731013
4.0	3.72845396546738
2.5	3.0695436361452337
1.0	1.1762803849938404
4.0	5.024113844267915
4.0	2.618544316358417
2.5	1.6913844273593683
2.5	2.8536540247114455
4.0	3.9828335560850223
2.5	2.58080948819111
1.0	1.2113256956016176
2.5	0.8663055524158294
4.0	4.2182309198196375
1.0	1.4010419255855764
2.5	4.005601891746512
1.0	1.2768169183325222
2.5	4.38815980709032
1.0	0.1652976935626821
4.0	5.185509808994417
2.5	2.2792192820504877
2.5	3.3662577202146324
4.0	5.37202909361836
4.0	2.8947296117372274
4.0	2.315567819579134
2.5	3.3586738456570657
4.0	3.000583391445169
4.0	4.55471612084897
4.0	2.6049756000743676
2.5	0.3042359550108684
4.0	3.464673388859373
2.5	1.91908978264457
4.0	3.9852233879292362
4.0	2.5374089087652103
1.0	2.205759982910581
1.0	0.9492264396091785
1.0	1.2239828094491887
2.5	1.6470506579640787
4.0	4.572454918103997
1.0	1.2528198204536476
2.5	2.1127625812510926
2.5	3.5320183282341047
4.0	4.158386560663295
2.5	2.7583879228015094
4.0	1.694788904237853
1.0	-0.2892969215707697
2.5	2.841176949032756
2.5	2.7551690832374103
1.0	0.6520304348231443
4.0	4.770439068609839
1.0	-0.1425268188342641
1.0	-0.09154624703649228
2.5	1.9332528186588362
4.0	2.2138441842092615
2.5	2.506671154758101
4.0	3.1544666962821477
4.0	3.910072029825187
4.0	3.724703808254262
1.0	-1.7016676537676902
4.0	3.6461441164596313
2.5	2.3187455942496937
2.5	3.085333032534549
2.5	3.5230551196745337
4.0	4.54168955807736
1.0	0.9876780876036073
2.5	2.091105357142498
2.5	2.983808926198871
2.5	2.08351037555478
1.0	1.5313320045587857
4.0	3.429562554445072
4.0	3.705608409397083
4.0	3.7726338890251476
4.0	3.6544937360716476
2.5	2.9871422155567355
2.5	1.284954941744286
4.0	4.433288995705956
2.5	2.3399468942871113
2.5	2.2019774135143177
4.0	4.211313057835309
1.0	2.122215833555553
2.5	2.2059409859257517
2.5	3.6000290826088914
4.0	4.596130958207813
2.5	2.7953676740514544
4.0	4.487669833778569
2.5	3.4816705781555024
1.0	-0.28871060662082804
4.0	4.654805586168296
4.0	1.3667606005598811
1.0	-0.44482574887422843
2.5	3.2643783722305217
1.0	0.8431921631070494
4.0	4.8559160514226765
2.5	2.5622190180878035
1.0	-1.0125149555868798
2.5	4.25148352265284
4.0	3.952221546257923
4.0	4.258657898730563
1.0	1.9641871592091813
2.5	3.536815747393723
4.0	3.758048925611733
1.0	-1.0736731080071138
4.0	4.4318352010920545
4.0	4.886275805972519
2.5	1.872889143208452
1.0	0.16142753319743608
1.0	0.9526653546078954
4.0	5.91253455521968
2.5	3.037043463389543
4.0	3.4098425696836747
1.0	0.023609829652648462
4.0	4.975619364244672
2.5	3.97621944562923
2.5	2.807124395691672
1.0	0.51370087551673
4.0	3.4705027741610075
2.5	2.431479628681684
4.0	6.221196624501099
1.0	-0.47617752680836856
1.0	1.0137645777806632
4.0	4.508388819035552
4.0	5.028133957442613
2.5	2.552275573603824
1.0	1.4969374914616314
4.0	5.655587544560303
1.0	0.036051859340868075
4.0	3.7483778996034376
4.0	3.319863021449428
4.0	3.19396611984002
4.0	3.280875945178098
1.0	-0.7339639273190028
1.0	3.212841538383064
4.0	3.3818962281692917
2.5	3.6296208906447895
4.0	4.561396412695585
2.5	3.20724002506976
4.0	2.4987377973762688
2.5	1.8971350881107756
4.0	4.7208378386505405
2.5	3.8599257353573684
2.5	3.2153383631253005
1.0	1.8818003063170186
4.0	4.176145442477904
1.0	0.9596956514592726
2.5	0.3491731411187775
1.0	0.6900326379837585
4.0	4.035281456112065
4.0	3.1907552414291893
4.0	5.506634937972625
2.5	2.3798627845673797
4.0	4.150008383804122
1.0	-0.1630640374530734
1.0	1.323885249352398
4.0	3.3124330681048977
2.5	3.1991338643756873
1.0	0.29694780034884616
1.0	1.5817627113315647
1.0	0.49869282730167086
1.0	0.9906723338458647
1.0	-0.39755620174719897
2.5	2.4252129734694323
1.0	0.7303504683709587
2.5	3.24241181320705
4.0	4.019905254933055
2.5	2.2977118364925055
1.0	1.5847722556727424
4.0	4.71845796811674
1.0	1.4386340016645893
4.0	3.7295863963380955
4.0	3.7161076465241547
2.5	0.743553873504454
2.5	1.6733394887022732
1.0	1.6021848560281433
2.5	2.7158163714011208
2.5	2.9479869740072697
1.0	0.5985800930839547
2.5	1.766360273420307
2.5	1.239834385308605
4.0	4.227788580711415
2.5	1.086142149671127
1.0	-0.03503796371823342
2.5	3.772671045560092
1.0	2.189591016814285
2.5	1.0623275411749378
4.0	6.029435785426331
4.0	4.0878014368023505
2.5	0.8479403889435959
2.5	2.95314863438577
1.0	-0.09438981194831952
2.5	3.4215056663052668
4.0	4.936357729753935
2.5	3.9883527732446447
2.5	3.7019424699292642
1.0	0.5001880845388638
1.0	1.4847315454332999
4.0	3.1272145623171888
1.0	1.8767173803703736
1.0	1.2075537560418255
4.0	3.1017997344258355
1.0	-0.6338408467956393
4.0	5.0783684605813395
4.0	6.3017660599690615
1.0	1.6153994764700845
2.5	1.6614011948925056
4.0	3.5648071642610315
1.0	1.139874175598907
4.0	4.004200284065481
1.0	-1.9710152694959624
2.5	2.2421263562217617
2.5	2.804444052581589
2.5	1.686011501072439
1.0	2.597050742036868
4.0	4.189706069060083
4.0	4.073810630341199
4.0	5.203363649751543
2.5	3.1206879219948256
4.0	3.7153431802357075
2.5	1.141149378158654
2.5	1.61687632016473
1.0	0.675060859958381
4.0	3.9738853625474486
1.0	1.4824638536003747
2.5	1.7958798524601984
4.0	3.2175825160175164
1.0	2.0616134437523064
4.0	4.1517655972140775
2.5	1.4416438524265291
4.0	4.050610980013113
4.0	3.2405389127191344
4.0	3.885637118967542
1.0	0.4635487944092458
4.0	3.6273007778859343
4.0	4.915637844609521
2.5	2.5382199338880476
1.0	0.2957910481109528
2.5	3.6688283611496493
2.5	3.9344922078445483
2.5	3.290436329672745
2.5	1.522965462319092
2.5	1.02424726169044
1.0	1.9766076307000584
1.0	1.5058145437237016
4.0	4.466541267658806
1.0	0.2132104700737497
2.5	2.4508181564516778
4.0	4.18170683509849
4.0	3.513289139180451
4.0	3.7361771549339555
2.5	1.970216793141287
4.0	3.319784547445871
2.5	3.5139997175334163
4.0	4.682105567908051
4.0	2.8604557541350717
1.0	2.7423088345786124
2.5	2.5046060040159532
1.0	0.7413053466792738
4.0	4.166797030847778
2.5	3.053339214612186
2.5	0.858177093675343
1.0	1.0105542864879842
4.0	4.008413124087145
4.0	5.262675969030397
4.0	5.730758856396572
2.5	1.7813208869046182
2.5	3.10256173408344
1.0	1.9518583110967178
2.5	2.679806425649263
1.0	0.6652137300332459
2.5	1.6408580908119585
1.0	0.5305446010493646
1.0	1.42847400654419
1.0	0.41970933904555374
4.0	4.588592588136637
2.5	3.622446477007859
1.0	2.1629481706283347
4.0	3.0214071369088376
2.5	0.7171631513882886
1.0	2.101315668661604
2.5	2.4293547936974
1.0	-0.06754366971781733
4.0	6.273770593289289
1.0	2.0078071444393375
4.0	2.749739560456912
2.5	2.3915298332873594
2.5	1.9561299520356772
4.0	4.708372620113254
1.0	0.843078851856331
1.0	0.34153570816944345
1.0	0.9625130253258075
2.5	1.739898279100778
2.5	1.9130914314973215
1.0	1.3989612960139348
1.0	1.4120206837334595
4.0	3.1488156138537895
4.0	4.81248762443795
1.0	1.1242680785437826
4.0	3.7338612817814063
2.5	2.7971592062832724
1.0	-0.28614983832144314
2.5	2.024461769342575
2.5	3.197132762974511
1.0	-0.2847476897108172
2.5	3.199219065181426
2.5	3.364483651733668
2.5	2.4421491796820183
4.0	4.630907535892702
2.5	1.5274780934222392
1.0	1.7495236579903513
2.5	2.9324750169431058
2.5	3.0476032143228275
1.0	0.507652431830441
4.0	4.22237845045695
2.5	3.0868863736374417
4.0	3.874620287608464
1.0	1.702142746786241
2.5	2.725377704508807
1.0	-0.09685719811593696
2.5	2.933939548360377
1.0	0.3090102544728026
2.5	2.034686689535047
4.0	4.859025643444359
1.0	1.1625533385841216
2.5	2.9272164078066654
2.5	2.059432448644733
4.0	3.7245057447480034
4.0	2.139916028140613
1.0	1.3650469050300076
2.5	1.3838966098882866
4.0	3.9010290338441207
4.0	5.626458785180731
4.0	5.132752620733834
4.0	3.183630186484038
2.5	3.932735528603242
4.0	4.0479264138350235
4.0	4.816608768279762
4.0	4.0874029173231925
2.5	1.9123596379513015
2.5	4.015534320117818
2.5	2.241364183656258
1.0	1.8800515377981517
2.5	2.4352098083396685
4.0	4.112548955660193
1.0	0.7501751388595879
2.5	1.7842729849269485
4.0	7.234866486947898
4.0	4.5619194300103425
2.5	1.4869473343878652
1.0	-0.8285623310414862
1.0	0.14091668962500037
2.5	1.6444652798067163
1.0	1.3727721832965254
1.0	-0.42488223905360023
2.5	2.636646776449537
2.5	3.4411444254597594
4.0	5.128641425033686
2.5	1.122026759458894
4.0	2.7167760216650843
2.5	2.6919776984463804
2.5	3.19619658731372
1.0	1.9442983159711207
2.5	2.065414170670522
1.0	2.337791682578104
2.5	2.923244986577987
1.0	0.05636978782375224
2.5	3.0006235634183005
2.5	1.969574905843285
4.0	4.443488449392482
4.0	4.1703669556877125
1.0	1.9814302398152623
1.0	0.8676187309021056
1.0	1.373784846079951
2.5	1.5775118584973775
2.5	3.2577068632894406
2.5	3.34558162243572
4.0	5.123478908767428
4.0	3.1993604554357176
2.5	2.404306930279472
4.0	5.309404410762932
1.0	1.543567366652232
4.0	4.183865006610242
4.0	4.25857067152551
4.0	3.2140027697009006
1.0	2.14192717623485
1.0	0.6812247805673355
1.0	-1.2817222677406384
2.5	1.2292630679452856
2.5	1.832377415433263
1.0	2.3692285215927993
2.5	1.7748879540839537
2.5	1.2567263765404075
2.5	2.777394314425727
2.5	4.161939151633196
4.0	3.095159816732372
2.5	3.6307418885614764
2.5	1.8709239396914454
2.5	1.5394476307165992
4.0	2.4597715234638104
1.0	0.9694827273382935
1.0	0.8020043766000645
2.5	3.063357921091721
1.0	0.005975295565314398
2.5	2.1682068428385284
2.5	1.7637678762354416
4.0	3.6479502921117932
4.0	4.9424532235457885
4.0	5.880623547341875
2.5	2.6746101110085845
2.5	3.505467051178701
4.0	3.9440342427966364
4.0	3.102559005655633
4.0	4.14947443654956
1.0	1.2113851932646402
2.5	1.866871563127377
2.5	2.2120116753637267
1.0	1.1621740038206774
2.5	3.1267990260358727
4.0	3.966785073676932
4.0	5.809274584046644
4.0	5.196747416802531
1.0	0.9635258945026042
4.0	3.5278731795273286
4.0	3.3564692207872926
2.5	1.4786817833969856
1.0	0.9889586824204647
1.0	-0.5864583582567615
1.0	0.2569992849495537
2.5	3.0945700675232337
2.5	1.1889337081603897
2.5	0.09714653686450259
2.5	3.7223543938450856
4.0	4.905089795803987
1.0	0.8400194414055691
1.0	1.8536374224349585
4.0	1.7930225184195252
2.5	2.946844201122363
4.0	4.376300984454676
2.5	1.9082442274982419
1.0	3.1390241092696884
2.5	1.8506268464064344
1.0	0.5533453122430547
2.5	2.3433570284840197
2.5	1.9871102825322629
2.5	2.978196904004291
4.0	4.8572290662637645
4.0	4.008008717277854
2.5	2.4589853517886575
1.0	1.4332128610732378
2.5	3.574358673156085
1.0	1.1495419065303243
4.0	5.365726934383957
4.0	4.798229552185343
2.5	2.1204415250461577
1.0	1.060703041199319
2.5	3.6472433628240153
2.5	2.6686621767019694
1.0	1.6705685397981913
1.0	0.6385742196644408
4.0	3.8557799237361103
1.0	1.506978069478845
2.5	2.6875653390890055
2.5	2.659448778731179
1.0	-0.4435833541619445
2.5	1.0201228654454972
4.0	2.616355287654325
4.0	3.4206891698063937
4.0	4.713089654994632
1.0	2.054867238039649
4.0	3.9618061033017025
2.5	2.5881017605403476
2.5	2.5724543425655773
4.0	3.807718799302464
1.0	1.534154759988719
4.0	4.315674970593666
4.0	5.38855055052004
1.0	2.4327198879566843
1.0	2.4074650433032785
2.5	2.536547217217277
2.5	-0.2093552760867099
1.0	0.5838996614876908
1.0	1.8984302696711448
1.0	0.7056542544353621
1.0	1.5797433168499186
4.0	6.543319204382755
1.0	0.40561820772465895
2.5	3.9927033272945205
4.0	2.7282049612359756
4.0	5.334578189874439
4.0	5.877098386437282
1.0	1.8520577537322338
4.0	2.956248330980244
1.0	1.082351665393875
4.0	5.4670361211273875
4.0	5.792963472001596
4.0	2.2170506760988475
2.5	0.17868574202612697
2.5	1.2981492705426452
1.0	2.4550337717660997
4.0	2.584986419458078
1.0	1.6477485560676237
4.0	3.7211897425768337
1.0	3.086591427143089
4.0	3.792682728730748
1.0	0.9167105376029235
2.5	2.4980239313719457
1.0	2.1573262346385356
1.0	-0.03182982238636045
1.0	1.9694796750165442
2.5	2.6673178097698136
1.0	1.3660474747257632
2.5	2.9381057012132685
2.5	2.1354032169435633
2.5	3.9696448847225865
2.5	1.947529589977258
2.5	1.5143487696243239
2.5	2.4881196315251115
2.5	2.3438511942064113
4.0	4.118990533715246
1.0	0.30738709438710254
2.5	3.7495977275317838
2.5	1.8283715914634096
1.0	0.23543219813265293
2.5	1.6894637874706766
4.0	4.907284630755993
2.5	2.506392724805709
4.0	4.619321287543593
1.0	3.111256829742331
2.5	2.056094354204198
2.5	3.03737113303132
1.0	0.6431367452807519
1.0	0.49526124321983234
1.0	0.17645776627337895
1.0	0.1325743325662504
2.5	4.452084961283372
2.5	2.11709668531183
4.0	3.7340010304502416
2.5	2.4236159073040584
4.0	2.546695899139913
2.5	2.7719330675113403
1.0	0.43201282591074397
2.5	4.6637143226726625
2.5	1.1371890960074866
1.0	1.7452805273561467
1.0	0.4407019633221748
1.0	1.5802992104576057
4.0	2.650399000721733
2.5	2.4915272475228085
1.0	2.5646787706166534
4.0	4.6739155450948395
1.0	2.1925615313053743
4.0	3.5334950538101455
4.0	5.849245691685245
4.0	3.103179217660439
2.5	1.818271108789009
4.0	4.090970956917997
4.0	3.7560085801002345
1.0	0.2074609225080536
2.5	3.8747299570890013
2.5	1.2981682705496445
4.0	3.010716368090418
1.0	-0.1351397079685197
1.0	3.2760825557032125
2.5	2.158659395628394
2.5	2.3361814303354658
4.0	4.484307149737274
2.5	2.5574273777381635
4.0	5.054447107624052
4.0	4.32921399329578
4.0	5.064940516249805
4.0	4.267854615050723
2.5	1.5197264235637737
4.0	2.6717776221393974
2.5	0.15771756772165624
4.0	3.664966558117783
4.0	3.3264684663972344
4.0	2.8765750467138345
4.0	4.696259391512203
1.0	0.9951781662845203
2.5	3.593440776248105
4.0	4.854586331138417
2.5	1.1371041670727273
1.0	0.07098178966212898
2.5	1.6684187669592205
4.0	3.755331047599669
1.0	1.9198929597933914
1.0	1.3662714487816365
2.5	2.8973520333039504
1.0	2.2290907750662288
4.0	4.7947607695016385
2.5	3.047467592688484
1.0	0.21194494234664651
2.5	0.58624940684791
1.0	-0.021587738548232815
4.0	3.9596660299557187
1.0	0.32756327230130977
2.5	2.5745419144376775
2.5	0.9793864072777045
2.5	4.441997202307655
4.0	4.347598048795492
4.0	2.2431229272469464
1.0	-0.4592772217460406
1.0	1.9258862099502272
4.0	4.843115164239328
4.0	7.131207063638078
1.0	0.7780567116603015
1.0	0.6811314280542087
4.0	3.9335642212386612
4.0	3.9757342201616144
2.5	3.4748012365299177
2.5	0.18833878170283525
1.0	0.7624710098912617
1.0	1.8184123015937925
2.5	1.6499603646244965
1.0	1.8106920755026015
2.5	2.9298020959193103
4.0	3.1032581597566837
2.5	1.7422218043082016
4.0	3.8841789494336063
1.0	1.4753340482510842
4.0	3.7372683250495387
2.5	2.8998989851045263
2.5	0.1685546104476363
1.0	1.5520234584253871
2.5	2.2029496861335307
4.0	3.049679393715316
2.5	1.7680307391704322
1.0	0.04905989130783128
2.5	3.052428496443369
2.5	2.1818971432961245
2.5	2.6819935731281213
4.0	4.1510071866160905
2.5	1.5327440930335168
4.0	1.1343223260712794
4.0	4.56312894973912
4.0	2.095169088314562
1.0	1.7214193107459155
4.0	3.6760550944473245
4.0	4.088241783226753
2.5	3.5074069952903506
2.5	2.1619428487044305
4.0	3.503509399413552
1.0	1.431298898887869
2.5	2.971417368547928
1.0	-1.1963118860803181
1.0	1.376138309416184
4.0	4.577216257256792
4.0	3.244051739109646
1.0	0.16016434110360123
2.5	2.047929319136829
4.0	3.606170214467639
1.0	-0.1834776598033565
4.0	2.001614653746297
1.0	2.4767674683865444
1.0	-0.2836681266595218
2.5	2.5866364682783547
4.0	4.182058040924563
1.0	0.9565140419719518
1.0	1.1136838821185364
4.0	2.7018313539934136
1.0	1.415203367004821
2.5	3.5722392671540493
1.0	0.2981713719777801
1.0	1.6188125781980869
1.0	1.0524679688013143
4.0	5.19029129429203
2.5	3.496508072740242
4.0	4.29530216165516
4.0	3.606906079253014
2.5	1.6761850045906477
1.0	0.29371011210283915
1.0	0.8921648361523595
1.0	1.6546258610019113
4.0	3.8410366347376406
1.0	0.9590020174708939
4.0	2.057483328575342
4.0	2.6222119401246107
4.0	5.850965454311434
2.5	3.53323842624628
2.5	1.1174477008447357
4.0	5.66948535243756
1.0	1.4446464411277766
4.0	4.627136094156351
1.0	0.4628197587060662
4.0	5.470034254444027
1.0	0.6823052072204571
1.0	2.4621333735946234
1.0	1.83289174390304
4.0	3.6184514335926163
4.0	4.086062899801792
2.5	2.7378895372704335
1.0	-0.1879344531932423
2.5	1.364755284419496
2.5	1.8689680275113238
2.5	2.0793189692071574
1.0	1.0755201973809714
4.0	4.779367382191408
1.0	-0.33252483402297495
4.0	2.531777877673668
2.5	1.826676854755106
4.0	3.5853865389917132
1.0	0.8394252820337234
1.0	0.09044277229465325
2.5	1.94716124854263
4.0	5.174754868214952
2.5	1.3695124574537498
4.0	4.1624798170275605
1.0	0.0899068861614788
2.5	3.8197242715177877
4.0	4.846811953928308
1.0	0.34110775232839285
1.0	0.5015201330293255
2.5	3.0245148250548857
1.0	0.5374319988192935
1.0	0.2132989808824579
2.5	3.5011902079034494
1.0	1.5482045332200611
1.0	-0.16429290245440886
4.0	3.7263825979688
2.5	0.5131019624773061
4.0	4.381370393415221
1.0	0.09008157192216837
2.5	3.3329097618506456
2.5	2.4072869300796373
4.0	3.64763899669583
2.5	2.729363729898047
2.5	3.812057600478223
1.0	-0.7971144910909902
4.0	4.4655573321962025
4.0	3.218835568162272
4.0	4.42503738440803
4.0	3.2007269995626517
2.5	2.0715867035809046
2.5	2.1271191100693803
1.0	-0.5807433121225807
2.5	2.01127858229069
4.0	2.5282689283800215
1.0	2.173231836112527
1.0	0.17769270485173827
1.0	2.284807004349494
1.0	2.344062354101965
4.0	1.809333194700296
4.0	4.118162410635978
4.0	5.23768463172925
2.5	3.9293422336500496
4.0	2.9737056177623975
1.0	0.5879993348978136
4.0	5.088044139473305
2.5	4.698960811207344
4.0	4.405796870568976
1.0	-0.22627017438544805
4.0	4.082324317463793
2.5	3.249261070437844
2.5	1.8957168007435525
1.0	2.0597311913093694
1.0	1.3102196686783925
1.0	1.6114847911529713
2.5	2.468453892199142
2.5	2.244636436592198
4.0	5.768552482533305
2.5	3.2158686573886337
1.0	-0.3609154094567921
1.0	1.522228407280698
4.0	3.846411830262076
2.5	2.9857650849464417
2.5	2.454408198897624
4.0	3.671668811009663
1.0	0.8972949662982004
1.0	0.7763010688721995
4.0	3.336667900371379
4.0	2.6708046936828875
4.0	4.59897199926947
1.0	2.273206071609666
2.5	3.026651416354956
1.0	1.7745775582116166
4.0	3.1942042233918504
2.5	3.134689427903762
1.0	2.1406887513296184
4.0	5.995240670126384
1.0	2.2818862362661
2.5	3.4767502920490334
2.5	2.7731712097678956
4.0	3.156950115672359
1.0	1.776079545671248
4.0	3.9033003772219566
1.0	0.695978567580029
1.0	2.6456689193527154
2.5	4.7316286120805895
4.0	4.415133832424951
4.0	3.8136913216171986
2.5	3.444720502246666
1.0	0.3137118269069715
1.0	1.0444841596264127
2.5	3.980701254389097
2.5	1.3736203866379137
1.0	0.4682057135747507
4.0	3.530189340939814
2.5	1.8013891141232086
1.0	0.6707046417956999
2.5	1.6907081227328624
2.5	4.496774250833191
1.0	-0.009281779716532546
4.0	3.217405563391417
1.0	0.14974569891022504
2.5	2.301463620845373
2.5	2.968356767273164
1.0	1.9988956621712781
2.5	2.3727232272653844
4.0	4.214992720914931
4.0	3.8014038456600616
1.0	0.6559165176221078
2.5	1.9375748494224694
2.5	1.7981683258798777
2.5	3.1384718411592925
4.0	4.319259428226991
1.0	1.2693393963974091
2.5	1.1061666239566552
4.0	3.5117414266701474
4.0	2.372313787981575
1.0	2.039715959291682
2.5	2.8518900799281357
4.0	3.200133338820575
1.0	0.6264397857323559
1.0	-0.18800423582251757
1.0	1.3458062292233215
2.5	3.209503412507537
4.0	3.7713915479224314
2.5	1.5018534641754027
4.0	2.532601084918384
1.0	0.4281373391987878
2.5	1.8081699035348477
4.0	3.961739910117029
4.0	2.543728244875891
2.5	3.169570741455185
2.5	1.7093005955225669
1.0	0.49082171842403854
1.0	0.7441737891960962
4.0	3.1401791285872385
4.0	3.5288582656911935
1.0	0.47728101257078903
4.0	2.3368335384517174
2.5	1.214535523403642
2.5	3.6831462974164317
2.5	1.819368776230975
1.0	0.640458075291626
2.5	0.8584878290511107
4.0	7.357158592292554
1.0	1.562151222948797
2.5	3.0060420344192442
2.5	4.5657000722143355
4.0	3.287852197489114
2.5	3.595329958066351
2.5	3.4624426781746767
2.5	2.9672664247423506
2.5	3.639212022557502
1.0	1.5790582874455734
1.0	1.4637164821239612
4.0	5.957869998172984
2.5	2.630628486776424
2.5	2.7001355428813363
2.5	3.0351311349739674
2.5	2.748831360084796
4.0	3.9438240110021625
4.0	3.2722308494393513
4.0	4.727089488918835
4.0	4.026667275479127
2.5	2.0868429764985406
1.0	1.9399765623839862
1.0	1.2003212574102295
1.0	-0.36906912464817765
4.0	3.033652676577317
1.0	0.8595331958229327
2.5	3.6862051297646348
2.5	1.682907833479947
4.0	3.2407291751754164
4.0	3.6176863076613714
1.0	2.072212635865715
2.5	3.277722388468355
4.0	3.575335720554058
1.0	0.43166014103895967
2.5	2.287789238731417
4.0	2.7702000775710305
2.5	1.7990656152859703
1.0	1.2496858760396854
2.5	0.1263362162527013
1.0	1.2089295929347978
1.0	-0.6110736697145427
1.0	1.296336063046938
1.0	1.9358212867956113
1.0	2.512993445840381
1.0	0.39474380979866175
4.0	4.58301767836468
1.0	0.45971604095653895
1.0	0.15991737096682979
1.0	0.6638140497675036
2.5	1.7068737868441328
1.0	1.7635755968960347
1.0	0.6333520749198384
1.0	0.11424421972752963
2.5	3.687113438373969
4.0	5.6389010438410505
2.5	2.4093406254358327
4.0	3.8354282883193958
4.0	3.1090392306465082
4.0	4.657206022125122
1.0	0.3598353092437543
1.0	1.3631736938666492
1.0	1.5812170932025815
4.0	3.534403532588592
1.0	1.1841310104108924
4.0	3.4625076663380767
4.0	3.591414705329175
2.5	3.8854960905888483
4.0	3.9136926487053887
2.5	2.0650947067104846
2.5	3.74676425574688
1.0	-1.9482201033714124
1.0	0.01553395584616768
4.0	5.844571253482743
1.0	-0.24401004347753497
2.5	2.265391741650452
4.0	2.701994010078341
2.5	2.585579272205194
4.0	2.4963828468571783
4.0	5.202215799677495
2.5	2.8228071184673493
1.0	-0.395994557831983
1.0	0.1435856289221208
1.0	1.5229143910818528
2.5	2.3336435364625006
4.0	3.5078258958821316
1.0	1.1865170423195903
1.0	1.0006433919040094
1.0	0.03911853458749359
2.5	0.6827746825959227
2.5	2.128291076713816
1.0	1.182415727910746
2.5	1.2701420329157624
1.0	1.7739145762701785
1.0	1.0697529120142184
1.0	1.1461940516445577
4.0	5.184494229615927
2.5	3.231027262179508
2.5	2.6706921348339727
2.5	3.198219406236471
4.0	2.8262540243953365
4.0	4.883298820080566
4.0	4.579577051317252
2.5	1.1742247902777776
4.0	2.9771915693490874
2.5	4.1877197443780485
2.5	2.9529920907467977
1.0	1.9782930938676353
1.0	2.7428933836519915
2.5	2.421745701544374
4.0	7.388268714124324
1.0	2.3623997837265094
4.0	3.9311968647824553
1.0	2.5849055354144914
1.0	1.5250218748972004
4.0	3.2428812108778153
2.5	2.281863135581708
1.0	-0.39675503202596474
1.0	2.2714863182541807
4.0	5.939544691295045
1.0	1.9755948216423675
2.5	4.72595049485337
4.0	2.6124558510719975
2.5	3.733904863188029
2.5	1.7097644073199318
2.5	2.1947571398449
1.0	1.4171911227458756
1.0	1.3268177701832566
2.5	2.308327614162521
4.0	2.665110532220325
2.5	2.821643963961355
2.5	3.253309952576877
2.5	3.423774170182819
2.5	1.365022916024895
1.0	1.9467429028421641
4.0	3.8367066706338977
4.0	4.187183033952848
1.0	1.5072750047925434
1.0	2.5334087111312287
1.0	1.1724376022676304
4.0	3.0391105735367328
4.0	4.204279282431303
2.5	3.402912160211443
4.0	3.0261087483587117
2.5	1.4402189582645486
1.0	0.28094265503912996
1.0	2.4728452609552622
1.0	1.0876667531181816
4.0	4.671106906514862
2.5	1.9037161598125263
2.5	1.5470269049022467
2.5	1.7618809812764507
2.5	0.6653399666810385
1.0	2.466667577127363
1.0	1.013321539265784
4.0	4.193529178284177
1.0	1.4102343748810242
2.5	3.1609274527692297
4.0	4.206849993873922
4.0	3.8679429207908003
1.0	1.0134530578644285
4.0	4.337182338521622
4.0	4.760377387436238
4.0	3.7618867393516244
1.0	-0.6091896606039156
4.0	2.519247577327951
4.0	4.014764581450436
2.5	1.0113562407192245
1.0	1.6243504938784672
2.5	1.8742198055472892
1.0	0.14152710806397095
2.5	4.142974654861535
1.0	1.8448460854013695
1.0	1.1251475234146677
4.0	6.83371802156383
1.0	2.1576028626481927
1.0	1.4467016222336984
2.5	2.0033085606030268
1.0	1.0369459000868584
4.0	5.424148100887267
4.0	5.157900093072794
2.5	0.9492344817898333
1.0	1.314261774706609
4.0	3.869020391244301
1.0	0.6695633639532897
1.0	0.8179448549772403
2.5	1.746354513702718
4.0	4.96455335597936
2.5	3.545307420859313
4.0	1.5313072092503894
2.5	4.453967051419354
2.5	2.2483193180773244
2.5	1.8842479990425034
4.0	3.1651710338622787
4.0	5.028008801734044
1.0	2.88042206537603
2.5	4.835093234955735
1.0	1.3082016992675234
1.0	1.4999043993340428
2.5	1.7615448324120826
2.5	2.89890954209298
1.0	0.353266325186226
2.5	1.696944892627651
2.5	2.7184590044595804
4.0	5.332489497245566
2.5	2.302420297302325
4.0	2.1871156960965603
2.5	3.073549900540943
4.0	3.5605510728539187
4.0	4.214403803177108
1.0	0.8385090010702243
4.0	5.6946158730742535
2.5	3.724345382386765
2.5	1.9260702377141954
1.0	1.99784727049105
1.0	-0.4152846505635577
1.0	0.942217600403334
1.0	0.5044339430973341
4.0	5.898908838297449
2.5	1.2652595481681324
1.0	1.6214380575699645
2.5	0.796203696940714
4.0	3.3966232663333162
1.0	1.5227218988044335
4.0	4.722643253112521
4.0	3.7937089252794736
4.0	3.3862508883640112
4.0	3.8785693098572604
4.0	4.676218067026906
4.0	2.8943677701925123
2.5	2.4006196205089028
4.0	4.224716693637034
1.0	2.0133006187249194
2.5	3.704766962706313
4.0	5.1771062510297385
1.0	2.339180599602584
4.0	5.4935655352517285
2.5	0.7744465551560493
4.0	3.0278382981843444
4.0	3.562612575067021
2.5	2.483253374037971
1.0	2.57953830876406
1.0	0.968410336429242
2.5	2.0648082702573554
2.5	2.4585668553789053
4.0	2.9970579543171256
1.0	2.20075449786718
4.0	4.300198802835134
4.0	3.6466842751613946
2.5	0.5362828927085108
1.0	1.7659664652406577
1.0	-1.136139686476827
2.5	3.7516322367236423
4.0	4.754754118908827
4.0	3.19979197971701
4.0	3.266129800138083
4.0	3.1638429023935593
2.5	2.7343478569078337
4.0	2.6962990217384757
1.0	1.0301475001324956
2.5	2.5443778473127394
4.0	3.0997147613344063
2.5	2.54165980623782
2.5	3.5386872880737537
2.5	2.0305589126188175
2.5	3.2693446842189466
2.5	3.1079398249002517
4.0	4.436700595077026
1.0	1.1883384850668808
2.5	3.85915331274206
4.0	3.432315151643305
1.0	1.280771823632124
4.0	3.245628386525933
1.0	1.9922490968326985
2.5	0.9530782631659211
4.0	4.263721124347643
4.0	2.941058815895654
1.0	-0.1386571027059229
2.5	3.15073659869961
1.0	-0.09268037286115716
4.0	3.318218820934395
1.0	0.43039264151559564
2.5	1.8112075150558669
4.0	4.370746973889324
2.5	2.6679830936804456
2.5	2.312339707529441
2.5	1.1353429988833896
1.0	-0.4052949773611014
2.5	2.626323993062641
4.0	4.26298574445163
2.5	1.0022513207358061
2.5	3.5295490197742523
2.5	1.9147223079457407
2.5	3.618087920878231
1.0	-0.13416175527473295
1.0	-0.9446844018617913
1.0	-1.7280792159788092
2.5	2.077453901879212
1.0	1.8489843366667689
4.0	6.061447348407978
4.0	4.630316729452867
1.0	2.3329793907732017
2.5	1.7020360725627548
2.5	2.391919467018451
1.0	2.7488106993903463
2.5	1.785283632766499
2.5	2.1868417715250152
4.0	4.433265880782328
4.0	3.90086851416754
2.5	2.171845072450029
4.0	4.6015887978259
4.0	1.9549215138566298
2.5	1.4665520622969315
4.0	3.324209288649816
4.0	4.806360841067741
1.0	0.5513081545193331
2.5	3.512141093547047
2.5	3.1691876653003055
2.5	2.679574398086163
2.5	1.7949123897055652
2.5	2.326270369249761
1.0	0.5491084470460784
1.0	0.8218909758854624
2.5	1.8292788175608758
2.5	2.976222841067959
2.5	0.6394651896246841
1.0	-0.38653778170173414
4.0	2.632493517440726
1.0	-0.21697686384708237
1.0	-0.1960259317336046
4.0	6.234539630537524
1.0	1.143744334947245
2.5	1.8990806346152191
4.0	2.7642081401656418
4.0	4.824292885757611
2.5	2.7076440287258725
2.5	3.95876345663719
2.5	1.8060453211589644
2.5	2.642144056737055
2.5	4.555004575437598
1.0	0.38314566133157824
1.0	0.019830784360186815
1.0	0.5047873604138775
4.0	3.089289698752535
1.0	1.025218553313706
1.0	1.2266251244655781
1.0	1.7137614342504293
4.0	3.703711736893924
2.5	2.197009806425325
2.5	2.65213797971684
1.0	-0.007070517814480315
4.0	3.55034077340891
1.0	2.8444879730786736
2.5	3.5473162175524235
2.5	1.0133813036931933
2.5	4.189679793941378
1.0	1.5018762988854055
1.0	0.6199528437198867
2.5	2.2846717373118386
4.0	2.76210060150147
2.5	0.8970383556698398
1.0	-0.6854539575287875
4.0	4.038194017211405
4.0	3.2684521646561886
1.0	1.2939417330677039
4.0	3.8023082783292934
2.5	2.667103816550874
1.0	2.0283558773808905
2.5	1.7232075526562198
1.0	2.8560050808744695
4.0	3.217899927906515
2.5	2.4911428285828294
4.0	4.980779201135262
4.0	3.170068887090439
4.0	4.105723773693534
1.0	1.294791305724967
4.0	2.2068420500293264
2.5	3.0237574194959707
4.0	3.532154540358982
2.5	2.099810977547618
1.0	0.6855798975805356
4.0	3.0740903531359445
1.0	-0.07249317576731329
1.0	-0.017450107549928484
4.0	3.534870357006674
2.5	2.5556755462907885
4.0	2.4033730224593173
1.0	0.8287881792284097
2.5	2.0682862900099694
4.0	3.638479297156793
1.0	0.5054368837678209
2.5	2.0493131602355232
2.5	2.6281177813292067
1.0	1.558101974054866
2.5	1.7487641806230054
4.0	4.372868244933031
2.5	5.358013141062305
2.5	2.644076715143578
4.0	4.36347539415235
1.0	0.373193017858244
2.5	0.23706808529011525
2.5	1.5334225657082676
1.0	0.10407658017030474
4.0	3.8859720140725633
2.5	1.9523568655779522
1.0	0.15717567522241638
4.0	5.2754031849801235
2.5	1.967490051859263
2.5	3.4218461816717176
2.5	3.4738394886843467
4.0	4.403205325480391
4.0	4.651004607506489
4.0	3.239967285199244
1.0	-0.15380219021490937
2.5	3.1153347783964063
1.0	1.3070308576079839
2.5	3.2809037083114676
1.0	0.9490991738526621
1.0	-0.9912493887047618
1.0	1.7825778514995254
4.0	4.209618223098571
2.5	3.004286744539251
1.0	1.832696242676041
4.0	3.2682085097942224
1.0	0.3008988818248185
4.0	5.024908055932632
4.0	2.9360938580748623
2.5	2.2504080023174025
2.5	2.0723080036485104
4.0	4.967888741543911
1.0	1.138597218415529
2.5	4.137534295445021
2.5	2.1238140860372137
1.0	-0.0757092860771853
2.5	2.7985468301395144
4.0	4.070334187692043
2.5	1.610701182981903
4.0	4.973270299799988
4.0	4.968218413749586
4.0	3.338328931442631
1.0	-0.2239161092259685
4.0	3.8976902446892034
4.0	1.4429306786703466
2.5	3.558780242888904
4.0	2.783244110371434
2.5	2.0458064147956825
2.5	2.1512254487055698
2.5	2.0297091462853487
1.0	-0.7909691045342297
4.0	3.0202188552339644
2.5	2.222529831569512
4.0	2.7817540421075106
4.0	3.5693421376283605
2.5	3.1167659509008434
2.5	3.497739530860758
2.5	3.035074909226776
1.0	1.243732358199624
2.5	2.1670470824833394
1.0	0.28725802296163305
1.0	0.5804560471335788
4.0	3.87627688574125
4.0	3.6945395875051434
2.5	3.9778999443711913
4.0	1.169317001867964
1.0	2.405694291790128
1.0	0.7391837530484742
1.0	0.8382076035690724
2.5	4.011899803561928
4.0	3.2983574160041242
1.0	1.1982578440443037
2.5	2.7480086440842286
2.5	1.1540883248497835
2.5	3.1215947327999
2.5	1.4011360404161555
1.0	1.790587008171142
4.0	4.865618310603212
2.5	4.537369322331024
2.5	3.0556980887869796
1.0	2.2622286140661885
2.5	1.9761514436194922
1.0	0.6054420591836153
2.5	2.761939691607395
2.5	2.2338626263106787
4.0	3.0934477685102717
4.0	3.6384016863168833
2.5	0.7713255919589705
1.0	-0.7015526288557419
2.5	1.4981162974835573
4.0	3.550118500670375
2.5	4.221594388970629
2.5	1.9347612118049446
2.5	2.7992658772646815
1.0	2.1712680078067494
1.0	0.8359508790282311
2.5	0.8686782961380537
2.5	1.921661859636271
2.5	2.8011214280642496
1.0	1.4713579233713427
2.5	3.4995161720201984
4.0	4.7069029535582505
2.5	1.4029265188260647
2.5	3.006964814352283
4.0	4.2629387338517875
1.0	0.43915900318693935
4.0	3.368406166899537
4.0	3.234800590082858
1.0	1.061175675871991
1.0	1.8833753177060883
4.0	4.669690797286681
2.5	1.1080392923376319
4.0	5.487901133160205
4.0	4.882915703896208
1.0	0.575191385853974
1.0	1.4929928398478602
4.0	4.622083658036289
1.0	0.9159598859025824
2.5	3.6996261150189422
2.5	2.9928242198694472
1.0	1.8323727587559806
1.0	1.2298190195087235
2.5	2.710445479119972
4.0	3.8434431076975972
1.0	2.6328719947025867
2.5	2.4641534188356022
2.5	2.226128219363157
4.0	2.553873274386877
4.0	4.529740590569104
1.0	1.4155251207440336
1.0	2.25176591726834
1.0	0.6328960066405216
2.5	4.078197704087373
2.5	3.322024139367055
2.5	3.4068569214359816
2.5	0.43802911050238036
4.0	5.956221915572847
1.0	1.0660562424488271
4.0	4.2757418160145
2.5	1.5491509598904123
2.5	2.48015439880772
4.0	2.459458994344682
2.5	2.4530321671117132
4.0	3.4160585057990422
2.5	2.7034862533872763
4.0	3.376823654896218
2.5	-0.09046465355020405
4.0	5.918021050290962
2.5	2.457418210363641
4.0	6.314722343125558
4.0	4.2440568826216305
4.0	1.89351469567569
4.0	3.7636565694563995
1.0	0.9747967080252504
4.0	4.255192900424078
4.0	4.058550582138207
1.0	0.9946333034145257
1.0	-0.9372763073166843
1.0	1.874395657732783
2.5	4.255096871304214
1.0	1.5681192060327063
1.0	1.5270035728744196
4.0	5.298958990466007
2.5	1.2942154735056193
2.5	3.2067433833645786
1.0	0.6176289682971474
2.5	1.799029114257546
2.5	2.265580365245844
1.0	1.1016871164725512
4.0	2.8054642471636804
2.5	1.9016533169370233
1.0	-0.43674658135033795
2.5	3.105223442051129
2.5	1.5357964853229702
4.0	3.197084351765173
1.0	0.49673946143082937
2.5	1.202613919929089
1.0	0.3887869208433562
2.5	1.8375595305409052
1.0	1.4380726176547272
4.0	3.4014226180663836
2.5	2.6419636551756187
4.0	4.594667960203021
1.0	0.5851320739912208
1.0	0.6756492264452021
1.0	1.9263834023462911
2.5	-0.3879589167411992
4.0	2.7846375990726435
2.5	2.8023193802016064
2.5	0.9244519250229319
4.0	2.335375395318736
4.0	3.155894875646335
4.0	4.129568214710913
2.5	3.7267222728678524
2.5	0.4711648937732691
2.5	3.3928920361465598
1.0	-0.9152561712735823
1.0	-0.8261832846092336
2.5	3.1967838307612277
1.0	0.7222304514055591
1.0	1.3833337764981817
1.0	1.6481285752584285
4.0	4.03880668735234
2.5	3.0530995390874986
2.5	1.3741223497084045
4.0	4.587475221416077
4.0	4.542268170993124
4.0	2.6772499512825805
1.0	-0.5445518023756797
2.5	1.0336201992123115
1.0	0.9253152120349207
4.0	4.191531920568109
4.0	3.291952323508627
2.5	1.3623144544728423
1.0	2.2158373285196333
1.0	0.6857073502128794
2.5	2.128947668942263
4.0	3.711524743279315
1.0	0.19999138216720058
4.0	5.5811247119631116
4.0	4.648395917688754
1.0	0.07920356335949053
1.0	-1.1217940624397214
4.0	6.388697217999628
1.0	0.6351636575797415
1.0	2.8417752426357907
2.5	2.300925745038807
1.0	0.36334666714482056
1.0	0.27868315925572096
2.5	2.956323462915202
1.0	0.6515540220205083
4.0	2.3915472983367847
4.0	2.9101430022040695
4.0	4.469955500457661
2.5	3.4474933116861384
4.0	3.391045528477429
4.0	2.0117322856299733
2.5	3.0558249350507243
1.0	-0.33524297582575535
1.0	2.1735200833554065
2.5	3.2980984685354695
4.0	4.167805908358093
1.0	1.98588761060596
1.0	2.0190902418063996
1.0	2.048996187102592
4.0	3.928104011338138
1.0	2.2706796234991193
4.0	4.345785403415444
1.0	1.395414411446234
4.0	3.1150544873265478
1.0	0.9767612229666908
4.0	5.454918187888039
4.0	3.8306649326477777
4.0	3.165595864537338
4.0	5.950281712751054
1.0	-0.13767976547847205
2.5	2.8270635636646952
2.5	2.0303402802971005
2.5	3.0213987806764653
2.5	1.9073881537175468
4.0	5.178876102745002
2.5	3.052627945369908
1.0	1.2999329146882646
2.5	2.1334151519985856
4.0	3.2752337960566016
4.0	4.392141501306474
1.0	1.8433252031358678
4.0	3.4843340306239745
1.0	1.0527456690290267
4.0	4.5453362081340885
1.0	1.1986928931540717
2.5	1.88679537137826
1.0	0.29346478666233833
4.0	4.222958011658654
2.5	1.6318472996749147
1.0	1.0940022280476773
1.0	0.4396679770641072
1.0	-0.005629054334329586
2.5	3.9386979726827804
2.5	4.261207904102207
4.0	4.426867756746872
2.5	1.7687173132054306
2.5	1.0868500601000755
1.0	0.8624548165106177
1.0	1.2559780242420402
2.5	2.3686861640866046
1.0	-0.006388891860821255
4.0	4.281905965459422
1.0	2.21867173143947
4.0	4.152986255245927
1.0	2.765411693504923
2.5	2.226289733325365
2.5	2.6066078155265386
2.5	2.0432666803672386
2.5	1.9454318657083662
4.0	4.0879861156390795
2.5	0.46301274367401213
2.5	0.2878649662423247
4.0	3.3427007895502374
2.5	2.85305677494817
4.0	3.9706935575626665
1.0	0.6331540737480648
4.0	3.4413390101986936
1.0	1.8994697111319245
4.0	2.3252838694868885
2.5	2.1117642417514872
1.0	0.7075758639326075
1.0	1.3508167570277418
4.0	4.090861374071022
4.0	4.892294164471424
4.0	4.242711931609177
2.5	2.9857339368891735
2.5	2.1807084394285705
1.0	1.2262111943562115
2.5	3.655439112328401
2.5	2.727981631943427
1.0	2.282459293390237
2.5	1.9324722012465347
4.0	4.132350715315887
4.0	4.0771779919063444
4.0	2.8588940227962825
1.0	-0.4728683662841746
2.5	3.666915362040954
4.0	5.926202590273367
2.5	3.014698296368797
4.0	5.674213565082908
1.0	0.9136730007044499
2.5	3.0007451381048598
1.0	1.5694803283181236
2.5	2.2320238111288013
4.0	3.4779938800723573
1.0	2.4511718028571963
1.0	0.8968835928761215
2.5	2.102103042948632
4.0	3.8978674417027044
2.5	1.2448068892625606
2.5	1.3405427757299637
1.0	0.9706967782360874
2.5	2.1448370306126416
1.0	1.5397159604879163
1.0	1.4176541268826983
1.0	0.8660365655364374
1.0	1.8623353042706077
1.0	0.8494152322260103
4.0	3.302992957571833
1.0	-0.3499511113140972
1.0	1.3313105175495838
2.5	4.152985579511346
4.0	4.58979365206546
1.0	0.8561731722257546
1.0	3.1219944331309377
4.0	2.010178612324782
4.0	4.030237401034306
1.0	2.7002297785933767
4.0	3.426986554341931
2.5	4.854743322620353
4.0	3.968362547236171
1.0	-0.4236191224263768
4.0	3.120517003256284
4.0	2.9235168776978036
2.5	2.427519172363175
1.0	2.283421257747924
4.0	4.471625676673722
1.0	0.07138729082957174
1.0	0.44224461306720175
1.0	0.04841999251267626
2.5	2.9622186642676773
2.5	1.7468568997134897
1.0	1.788299082668502
4.0	5.234412804580357
4.0	4.3317887702273135
4.0	1.4885137986317312
1.0	1.3819729661683942
2.5	2.3851827478326166
2.5	1.7257046640276732
1.0	1.340939420468272
2.5	3.44352587678257
2.5	1.6873497453985093
4.0	4.5532043474972115
2.5	1.4442622994151972
4.0	2.375257251321902
4.0	5.004045937818334
2.5	3.3411089697117586
2.5	1.3038891126517078
4.0	3.351369298236454
1.0	1.759406225696499
2.5	1.8325384890178316
1.0	0.9612128272301222
1.0	0.9791944497727263
1.0	1.1973554432626592
1.0	0.8103753197859602
1.0	1.5002322416107843
2.5	3.1738758032084102
1.0	0.053696807518121004
4.0	2.8642229393474326
2.5	3.524044617105017
1.0	-0.013193102080762076
1.0	-1.5456506773768734
4.0	5.493145357699502
4.0	4.338143497109042
4.0	5.808050851899858
2.5	2.6004672849015806
4.0	6.440101772425103
1.0	2.4220569776418257
4.0	2.33584173949288
2.5	1.0812121657773703
1.0	0.993236300320083
2.5	2.4744533994807365
4.0	3.651226992576308
1.0	3.23694905327955
4.0	4.828221885963214
1.0	0.35438673132664733
1.0	1.6405991504349324
4.0	4.971483832045562
2.5	1.7998792290236596
1.0	2.1986524924639568
2.5	2.4074653411224696
4.0	5.033758345470336
4.0	2.882712621588901
4.0	3.1846402408078274
1.0	2.9927360011814947
1.0	1.642907552008048
4.0	2.9608602646136406
4.0	2.937550787329667
2.5	2.1665304437946853
4.0	2.759397938550091
4.0	4.34647442343906
2.5	1.8145819041134144
4.0	4.677325647141041
4.0	2.847943354200737
1.0	2.017286063429636
1.0	1.555408844210504
2.5	2.122353098052057
1.0	1.4677402772968557
4.0	3.8707313017723886
2.5	2.2515306875922434
2.5	1.881501878587291
1.0	0.09651091245924426
4.0	4.870130034073753
2.5	3.5087719340853365
1.0	2.67541390033433
2.5	2.8543241541970805
2.5	1.5990423434316798
2.5	2.4605410514563157
2.5	3.035616338835395
4.0	3.366676736327576
4.0	4.673656926801513
2.5	3.0639586295493038
4.0	4.221830920446174
4.0	5.357716355205119
2.5	1.4890503792362337
