Gaussian Generator(1.0): mean=1.0,stDev=0.75
Gaussian Generator(2.0): mean=2.0,stDev=0.75
Gaussian Generator(3.0): mean=3.0,stDev=0.75
Gaussian Generator(4.0): mean=4.0,stDev=0.75
Gaussian Generator(5.0): mean=5.0,stDev=0.75
3.0	3.183476983118316
3.0	3.0153570608042823
2.0	2.093696911477179
2.0	1.603299464087058
5.0	3.779812728600959
5.0	3.462933275501003
2.0	2.073334662766975
3.0	4.004244580190163
4.0	5.166247509463516
5.0	5.064984967416219
4.0	3.3970996228889763
4.0	3.530604654459958
1.0	2.524893397494774
3.0	2.7743072057448535
4.0	3.5647345319826877
1.0	1.099114254701898
3.0	2.5862881988393336
3.0	3.9360000157793973
5.0	5.709698667933818
3.0	1.865568503135124
5.0	4.201196861673511
2.0	3.1194636113232885
2.0	1.0496929246972768
1.0	0.38702090821673574
3.0	3.441784259544157
3.0	3.1171449329866765
5.0	4.867337528773222
4.0	4.462503131379197
2.0	1.777902155368566
2.0	2.8035781631830226
4.0	3.412109860211361
1.0	0.6162059181087958
5.0	4.6363487755673125
5.0	5.923561764559416
2.0	2.585608444206605
5.0	5.014482118128982
3.0	3.7986413771404646
1.0	0.9198101552470417
1.0	2.7220485705462707
3.0	4.560477370538154
1.0	1.1347392405953953
1.0	2.3484158849725363
3.0	2.593989614970937
4.0	4.46352273163296
1.0	0.4070588126402581
1.0	1.7231117658144441
1.0	0.13873259929223458
4.0	4.407364936106837
5.0	4.209000160016138
1.0	0.9813732990883963
5.0	3.780485763410642
5.0	5.094526299009663
5.0	5.675003459230199
3.0	2.1660749745418997
3.0	3.2275537536110654
1.0	1.2271180189035287
5.0	5.213321589532919
2.0	2.682580374844589
2.0	2.4959285878719575
2.0	2.4807162841509083
5.0	4.454843883725395
3.0	3.220709847313353
2.0	2.278780651548841
2.0	1.0464039000372978
4.0	3.94890509492587
4.0	3.969784774150987
2.0	0.6493026566017543
2.0	2.16766774715439
5.0	5.115627729716458
5.0	4.221174197824889
5.0	5.905247129644074
1.0	0.7572007406113586
3.0	2.436066507217175
3.0	2.7303455949398443
4.0	3.4458623208253396
1.0	0.6579681898020544
3.0	3.4850261885038156
2.0	1.0113957064858268
4.0	3.5401395780820493
5.0	5.979239166324703
2.0	0.8864814807827828
3.0	2.929054071775938
5.0	4.188739797805777
4.0	3.4871995083147524
5.0	5.032563636629408
5.0	4.533126779820232
5.0	5.545565469138177
4.0	5.303389485288982
2.0	2.010651944589721
5.0	6.217737515947369
1.0	0.7965648459335332
2.0	1.5571640120473318
1.0	-0.23387026754174678
5.0	6.246372987696734
5.0	4.710519267116902
2.0	2.2907365375654885
5.0	5.1179451420016555
3.0	2.6479836490133994
2.0	2.7666105049420473
1.0	0.972345154935201
4.0	5.260707451688752
5.0	3.333103046565006
3.0	3.376980778507985
5.0	3.1066919269419895
5.0	4.62976599199122
4.0	3.076504315946125
1.0	1.4133712512633456
5.0	6.221991222555064
2.0	1.941034438912552
2.0	1.6747846573781717
3.0	2.56682459919649
4.0	4.321576514161274
1.0	0.007120602826708344
1.0	0.3880891693148558
1.0	0.2936489003784777
1.0	0.34492788351353854
3.0	2.483241286282495
2.0	1.078733157487154
1.0	2.1412710262643664
4.0	4.639576329669229
1.0	2.389283349898621
1.0	0.717060596024391
5.0	4.735325025474176
5.0	5.569066800597082
1.0	1.3250400640302369
4.0	3.9807662910823587
3.0	3.214208240357568
1.0	0.19488953653312946
3.0	4.376916487435262
5.0	3.876464018961474
2.0	1.3045379832107935
1.0	0.8843200851827101
1.0	1.5910502908749145
5.0	5.9478277483825845
1.0	2.059672575215327
5.0	4.313749284030075
5.0	4.276868623568243
1.0	0.793273255416138
5.0	6.124720370049657
3.0	2.401453442570927
2.0	2.037814943420638
2.0	2.3711779341705035
5.0	5.064657089345407
1.0	-0.18461019582856464
5.0	4.875863414548827
4.0	3.697875656911203
1.0	1.6310693691070475
4.0	4.465441951365964
1.0	1.0433269561258998
3.0	2.685849061816243
4.0	3.9335157552249314
3.0	2.7428850303976997
2.0	2.4869459035457386
5.0	5.0208945028022445
2.0	1.9185709165476226
3.0	3.7090641795156376
4.0	3.6320566426718695
2.0	2.071121715491078
3.0	2.8788127527086003
3.0	3.0197295632262935
1.0	1.2506915787614834
3.0	4.051688309468348
4.0	3.3340343974590727
5.0	4.219050646030261
5.0	5.803333441498012
1.0	0.7183685773194011
2.0	3.0235655274692306
2.0	1.3988344238074963
5.0	5.741940625829661
1.0	1.8043842713022806
2.0	2.5400717171268914
4.0	3.9117672454385275
4.0	3.0147141081351734
4.0	2.920559774802294
4.0	3.0853985280631298
2.0	1.0714056365263265
3.0	3.517266437860937
4.0	4.1911706564644255
5.0	4.648605531512036
5.0	4.275799532047779
2.0	2.280334527982161
1.0	-0.6107593152421815
2.0	3.1368539357074408
2.0	3.454609803892417
3.0	3.20649390842683
5.0	4.853163335452353
5.0	5.537034464201998
3.0	3.794992783662654
5.0	4.9581154948746
5.0	4.992295214061188
3.0	2.664664428364122
4.0	2.9663710754646635
2.0	2.242667626845445
1.0	0.9408901470734091
4.0	4.039762524980996
5.0	5.479568062872306
5.0	4.835881876143984
1.0	1.2953939533158785
5.0	4.644540755741799
4.0	4.319419836277355
2.0	2.3392810664256536
4.0	4.468105804555669
3.0	3.0548611253051963
2.0	2.960024091364809
4.0	3.94187265250176
2.0	1.8978108019279682
3.0	2.2781988897885803
4.0	4.375492686588137
2.0	2.387825548940088
4.0	3.884646285698699
5.0	5.007086772015638
3.0	3.4265886412925273
4.0	4.04389359465133
3.0	2.8301988208748696
2.0	2.0539458914328703
5.0	5.476907190784212
2.0	2.234918375278274
2.0	2.0974498954359513
1.0	3.058946157341633
4.0	3.0713034100792815
4.0	4.698908221168176
2.0	1.105992554645271
3.0	3.350257876793304
3.0	2.7012700564176266
4.0	3.4473341592708966
5.0	4.834218740793841
2.0	2.083119648688093
1.0	2.080569746106894
2.0	0.13631790920581732
5.0	3.585035568632789
4.0	4.353105174607452
5.0	4.860853891906091
5.0	4.924597588629113
1.0	0.28282801829378723
1.0	0.5217729617148681
1.0	0.10216196245265541
3.0	3.0036727539359913
1.0	0.5631359953821184
2.0	1.8197551227663251
3.0	3.048751927624451
3.0	1.9007211316855688
5.0	4.5257141899881095
5.0	4.747899537984525
5.0	5.329157456630141
2.0	1.945821502445674
1.0	0.09355464131740465
2.0	3.387485942304039
2.0	3.154329470079267
4.0	5.103405320677549
3.0	2.2558997842117963
1.0	1.6135154645135212
1.0	0.810660250679591
5.0	5.8155119803363355
5.0	5.1614904889905615
4.0	4.980932542968309
5.0	5.280409804739358
3.0	4.85059367907716
5.0	4.063968806097474
1.0	0.5425854856461994
3.0	3.268733133109899
3.0	3.52846736271699
2.0	1.2085910344775823
1.0	1.206921819847141
5.0	4.056981513690289
4.0	1.868555470606843
3.0	2.8822852747680243
4.0	3.5894040436368573
4.0	4.5237323224849915
5.0	5.134827885146074
5.0	4.925066380573245
2.0	2.9489612564987535
5.0	5.640261443916117
2.0	2.0836343308556584
1.0	1.1590536004364436
4.0	4.317894370843875
4.0	5.142402913991204
5.0	5.545659029142845
3.0	2.6871733247193363
3.0	0.6080988800670815
4.0	4.2351867329764765
5.0	4.056055126667152
2.0	0.7266623852961847
4.0	3.870073261065922
2.0	2.633221581528779
2.0	2.2332451728164053
5.0	5.350898108969464
2.0	2.1357213790378484
2.0	1.2043928896568157
5.0	3.8613699243416706
4.0	4.952867948468325
2.0	2.2774458908651627
4.0	4.4821054196009635
5.0	5.116108969298313
1.0	1.012108039695364
4.0	3.520956785465545
2.0	0.8115056603793671
3.0	2.35408878902823
5.0	5.109400478051522
2.0	3.363830595729454
2.0	1.5366221018426294
2.0	1.9639695027885753
2.0	1.2667188545814767
1.0	1.4340895767817496
1.0	1.7164214984390584
5.0	5.144873343200014
3.0	2.75667817937431
5.0	6.140909798110727
5.0	5.105734076005031
5.0	6.6379048057285415
4.0	5.145766016931915
1.0	2.944921043418679
2.0	3.1906762988948887
4.0	3.9633360733632146
4.0	4.693040723270691
3.0	2.929516426233922
4.0	4.050704897948556
4.0	2.6449490779114617
1.0	2.4744899174477255
2.0	2.8433252185709357
3.0	3.179304817225848
3.0	3.2746007669670134
4.0	4.159764254394183
1.0	0.32496046067746187
1.0	0.1688849635437344
5.0	4.867329997164425
2.0	1.5657580312191715
1.0	0.703261070998231
1.0	0.2871382762484139
1.0	0.2555155552894218
1.0	0.6258720801105196
1.0	0.5099666103136029
5.0	3.920017675412306
2.0	1.623583928592935
4.0	4.237335535564392
2.0	2.6060319880462504
1.0	2.0663708833930015
1.0	1.2735518953841711
1.0	0.9234149117905999
1.0	1.2796334436680943
4.0	5.070489687251431
2.0	2.5169911343912394
3.0	3.449880736944077
5.0	4.723540133278525
2.0	2.593300363200621
2.0	2.2638701713069183
4.0	4.814663852399757
1.0	0.6715081147318035
3.0	2.5841534369643924
2.0	1.0787577091362375
5.0	5.3355794840805535
2.0	2.473092907013659
5.0	5.488058741252512
3.0	2.90483202706897
3.0	3.14689779091029
1.0	1.5640875381193013
1.0	0.18231705997543202
4.0	4.3171075372190275
4.0	3.3478467248519994
2.0	3.298152074895203
2.0	2.0009703463512585
4.0	4.139833348063228
2.0	2.129029726260116
3.0	2.903618678872542
5.0	5.5020410209677255
5.0	6.086855835372689
3.0	2.6367849644730916
3.0	2.3937080197325318
3.0	3.264334114155017
2.0	1.056860125236707
4.0	3.9410616554344093
1.0	0.2754523799209445
1.0	-0.14125929205398324
4.0	3.2041710554725507
3.0	2.965520591518921
4.0	5.091255173243422
3.0	1.6371028038103783
2.0	1.1847377930666645
1.0	0.6063900815697671
1.0	0.43778062025366615
3.0	3.7099539580935046
1.0	0.804233497136889
2.0	1.4252777862320272
5.0	5.385949867186537
1.0	0.3588266476261892
2.0	1.516144092900035
1.0	-0.8220053753093413
4.0	4.751238415573038
2.0	1.043980894501916
1.0	1.0207381952032213
4.0	3.1090326572557725
1.0	0.34664511593154423
5.0	4.483272704780508
1.0	0.8497200595967765
2.0	3.0911875205092074
5.0	5.8065049991672675
4.0	5.504282745531488
4.0	2.8744705000295867
3.0	2.7637518808217854
2.0	3.3706204785458986
4.0	4.185417082727366
1.0	0.6819628109782743
2.0	3.631678135345263
2.0	2.113114459400836
5.0	4.968103819079163
5.0	4.664010502262781
3.0	2.945650812032183
2.0	1.9573731186560666
1.0	0.5622225537012446
4.0	5.18462983180904
1.0	1.400316631134465
2.0	1.6486936364248477
4.0	4.47038887390386
3.0	2.584370277296502
2.0	3.035851479376185
5.0	6.229020714980855
1.0	0.9444054963083195
2.0	1.893627760599088
3.0	3.363171167168992
3.0	3.881204216998551
5.0	4.935020979442281
2.0	1.8975052746440275
4.0	5.106204846264938
5.0	5.70910625320039
5.0	5.88047618809675
4.0	5.463798500948931
2.0	0.8822192504743747
1.0	1.8073799821754106
1.0	1.1420532071907221
1.0	0.6868365779434821
1.0	1.3731830534123821
2.0	1.4841904404661426
5.0	4.442199396936247
5.0	4.643108452756487
3.0	2.6364333907664337
4.0	5.368170796329553
5.0	5.674441276501212
1.0	0.22763137509643383
3.0	3.1835411023917906
4.0	3.5410246217190844
3.0	3.636570802976163
1.0	1.367833800981093
1.0	2.091103954525861
2.0	1.6442616758817827
1.0	1.733102510620453
4.0	5.4906601847899115
3.0	2.4796437200019215
3.0	3.64921723940385
4.0	4.080005935847537
1.0	0.3569814724325737
2.0	2.231839996569182
2.0	1.084841238102145
4.0	4.029467617601947
3.0	3.421007497191173
5.0	5.408899630687261
4.0	3.824190674219447
1.0	1.4617168986098283
5.0	5.158416667215249
3.0	2.8705516322309306
5.0	5.408398396999243
3.0	3.0773234764825275
1.0	2.260276481174052
3.0	2.6569125395815547
5.0	6.007632445913608
5.0	5.873800422756713
5.0	6.37914085597416
4.0	3.9781779006385323
3.0	1.7485208791671858
4.0	5.030764456026885
2.0	2.0111914131948687
2.0	2.5393909899198404
4.0	3.8220738502605722
1.0	0.8838732233503526
3.0	3.218025359706473
1.0	0.6772502821679078
2.0	2.9815008223647883
5.0	3.5192576345362543
5.0	5.491539740462417
5.0	3.9746895663808326
2.0	1.9559971510322922
1.0	1.0442219193212465
1.0	0.5881841043392987
4.0	4.6682001396878325
5.0	3.4246044004019707
1.0	-0.06474081285315614
2.0	1.212775077977214
3.0	3.328558949449428
3.0	3.8663667143899545
2.0	2.922352029304296
4.0	4.374807941350409
4.0	3.418756445472334
1.0	1.403623978602658
1.0	2.1618995703865256
2.0	3.13776752924696
2.0	1.859880228006986
5.0	4.484483471440799
2.0	1.4076171258835242
2.0	1.497074685916114
3.0	3.111960914366458
1.0	1.4864150570072474
2.0	1.290451091641125
