Gaussian Generator(1.0): mean=1.0,stDev=1.0
Gaussian Generator(3.0): mean=3.0,stDev=1.0
Gaussian Generator(5.0): mean=5.0,stDev=1.0
5.0	5.234452074549763
3.0	4.313645250517606
5.0	6.264792300751874
5.0	5.765141207209752
1.0	1.2623560738856243
3.0	3.219449651640821
3.0	2.94505044258163
1.0	2.3401473848286596
1.0	0.1412075320040751
5.0	4.583976968357675
1.0	1.7662512538255823
1.0	1.12945705856793
3.0	4.097100480670532
1.0	-0.5210787543195019
5.0	5.295977375549936
3.0	2.989546337007808
1.0	1.2075273034218963
3.0	1.7383361296295807
1.0	0.406730207970346
1.0	1.0778785155308843
1.0	2.2725887770483855
3.0	3.103383394790064
3.0	2.07096509479776
1.0	1.4121757574476248
5.0	4.059623540376561
3.0	2.7657347224294884
3.0	2.316486485403189
3.0	1.8050606578802366
5.0	4.811240468924717
5.0	4.2051951563733425
1.0	2.6358918524914747
5.0	4.9665049670188495
5.0	5.746173945911836
3.0	1.3327197206549803
1.0	1.3000707803978009
5.0	5.250198860296445
5.0	4.606403406654266
5.0	5.932429889853557
1.0	-0.49008144084945604
3.0	3.8975937480478455
1.0	2.0012069677473523
1.0	1.5841885290663429
3.0	1.309763341136858
1.0	0.8980114025906805
3.0	1.3820939793440932
3.0	0.8825651268099977
3.0	3.4237967525707362
1.0	-0.4960840181109387
5.0	5.495580427689209
1.0	0.3707451344834317
3.0	1.045584374009795
3.0	1.898095658162362
5.0	5.564941626335632
1.0	0.14965438841808576
5.0	5.832076286454589
5.0	3.5204241896372173
3.0	1.5996416638735182
5.0	5.887136424748265
1.0	0.2523423124488404
3.0	2.595881270421783
3.0	2.990030115864319
3.0	2.4192196485880224
5.0	4.874299696153701
1.0	1.594862904061268
1.0	2.3106399430517177
3.0	2.0792977238805683
3.0	3.685890731940923
1.0	0.8455462769600398
5.0	3.9545331829522343
1.0	1.3551269497159173
1.0	1.8761950608171754
3.0	5.7029272984536075
1.0	2.276205271794915
1.0	3.230328814325464
1.0	2.330354641742386
3.0	3.01876401536757
3.0	2.492382668527947
1.0	-0.5156842511524184
1.0	-0.07422015333503573
5.0	5.26736093818083
1.0	3.3243369602352457
3.0	2.540273918685199
5.0	4.7077753086149245
1.0	0.5850782060685816
1.0	-0.16012648002211027
5.0	3.454099915370791
5.0	3.575875280612693
5.0	4.40929336255765
5.0	5.16796027987084
3.0	2.6797209216455573
1.0	1.9778012570029753
5.0	4.896462047451561
1.0	1.571050602785602
1.0	0.12102675995873258
3.0	3.271486180294507
1.0	1.599857974675245
3.0	3.9857565310315586
1.0	0.7550329284123511
1.0	1.473526131453851
3.0	4.4321705221960634
1.0	0.7813597442042101
5.0	5.6633647411761245
3.0	2.2225691830131966
1.0	1.5680949881138695
3.0	3.5506103759142444
3.0	3.3941312097273064
1.0	0.17927369210517252
1.0	-0.03415949639046567
3.0	2.243518416504664
5.0	4.0982587885727515
1.0	0.019796439699478086
5.0	4.996286755737744
1.0	1.3122237157052767
5.0	4.470915151484131
3.0	3.181034361632577
3.0	3.4081432982998727
5.0	4.309920243149842
3.0	3.2542110789248455
5.0	4.883019357866075
5.0	4.856086963512524
1.0	0.12304390210268279
1.0	2.6936079862886664
5.0	6.229468983728054
5.0	3.8236253926236388
5.0	6.853784054700475
3.0	3.0000843419673395
5.0	5.720427858196925
5.0	5.222433017122702
3.0	3.3094492233771646
3.0	4.038577486944309
5.0	4.525372296187311
3.0	1.8463497972497749
3.0	1.485712727631196
1.0	2.685224090597919
1.0	3.3941925121345315
1.0	1.024780809258784
1.0	2.7418710550268033
1.0	2.3488989190529335
5.0	5.367478180047127
5.0	5.13792599222202
5.0	6.24797780362379
5.0	4.650007219705753
1.0	-0.39270784176267015
5.0	5.325744337614172
5.0	4.516954325883732
1.0	1.5554494680177076
5.0	5.548906481390629
5.0	7.583566603951097
1.0	1.019779022632253
5.0	6.225850683250822
5.0	3.2446645326872314
1.0	-0.466812699585736
5.0	4.272357407170799
3.0	1.8867159573291954
5.0	4.5526392414362595
1.0	0.065259284276732
5.0	5.559007712347569
5.0	4.472187620894321
1.0	-1.566473221668876
1.0	1.5823676734187235
1.0	1.6684517403313874
5.0	5.532885595760473
1.0	0.7408825803472132
3.0	3.79264284774861
5.0	3.3899270539739894
1.0	1.2022028280352595
5.0	6.528874526225231
1.0	2.1085549852968066
5.0	4.278626550384314
5.0	4.784885328802685
3.0	3.186466629189728
5.0	4.333116007639976
1.0	0.508844027275404
3.0	3.0316320814024444
5.0	3.6661564508945883
5.0	6.305891627033626
1.0	0.1516558625716613
3.0	2.795388416363528
5.0	4.58302970619162
1.0	2.0313263945861717
5.0	4.666703296948943
3.0	3.6940969060629376
3.0	3.6711881452749227
5.0	5.699923148585272
3.0	4.666432202822001
1.0	0.6360928705734301
5.0	5.702363067405533
5.0	5.976839356456082
5.0	5.401277288355726
5.0	6.21933578761651
5.0	5.926797984135265
5.0	6.049666143529194
3.0	3.8468880784392914
5.0	3.97687206641153
3.0	1.6399888185527214
5.0	3.804112702179415
3.0	1.5031322886567442
3.0	0.8790444764122065
3.0	2.70412784647318
3.0	3.7372495019461622
1.0	0.6232953749924192
1.0	0.716447995888761
3.0	3.522363903434915
5.0	4.205596169903299
1.0	-0.07211196021908362
5.0	4.77671709876524
1.0	-0.8615483032431623
1.0	0.9962271934523956
1.0	1.1663567065105243
3.0	3.7697861667502846
3.0	2.7409440252159074
3.0	3.3999929827630693
5.0	4.851402849544263
3.0	3.6598959700568403
1.0	-0.10182590823742999
5.0	6.146764416184448
3.0	3.864709186896463
1.0	0.20014895762403406
3.0	4.88064314783399
5.0	6.454888272958181
3.0	2.6301566589824157
5.0	5.263978641312885
5.0	4.370567577689692
5.0	4.183782664376837
5.0	6.433110367648185
5.0	4.491000359585789
1.0	1.7286983651494499
3.0	3.043693005564791
5.0	4.641209360936539
1.0	2.0364172839132086
3.0	4.430012304762848
1.0	2.1218840064463236
1.0	1.7082521483297484
1.0	2.476868251926686
3.0	1.7747221352321942
5.0	5.828683701644405
1.0	0.14161531655820736
3.0	4.215616232808983
1.0	-0.4539728908616778
5.0	4.704805526216813
5.0	5.555812706809547
3.0	4.008552346226222
5.0	4.370970371784451
3.0	1.6131608263016064
1.0	0.6783811091009808
5.0	4.871197537718206
5.0	4.8531696353440354
3.0	2.730832762308487
5.0	6.3450331185353175
5.0	7.2594682543155775
3.0	2.771901319850952
5.0	6.9263570389002975
3.0	4.396810791068485
1.0	-0.3801937935187516
5.0	6.375813796378031
1.0	0.2736535825755618
3.0	4.832251342717228
1.0	1.378951987746196
5.0	3.9616713071804197
5.0	5.0363070064517705
3.0	3.7956417201242236
3.0	1.5442476181439504
5.0	5.7729017630619754
3.0	2.3886932024950545
5.0	4.611634717898602
1.0	0.7167207425139568
5.0	6.532499992312639
1.0	-0.00217762672434918
5.0	3.8916892265940977
1.0	-0.6663796192162685
3.0	3.353430440420623
5.0	5.80983665901754
1.0	1.4402164287567119
5.0	5.043738966137616
1.0	0.3978269987360591
3.0	2.0844845189387557
5.0	4.974330591849917
5.0	6.192166109610859
1.0	0.197135294793353
5.0	5.1282682630503125
5.0	6.462294938856694
1.0	0.1636755096935767
1.0	0.7440662347085345
5.0	3.464702244642064
1.0	0.9458424919481352
1.0	0.5942139084853787
1.0	1.4105987705861973
3.0	2.3052415180016252
5.0	5.5035387166341
3.0	1.6279938223012593
1.0	1.334194207475422
1.0	1.3580644974530247
1.0	0.6292501566049756
1.0	1.223433068712755
1.0	-0.8990563830884057
5.0	5.652470595795847
5.0	4.6901614044785305
5.0	5.368177679621448
5.0	4.7921384130080344
5.0	4.75194436303031
3.0	2.4636685960699394
1.0	1.6085289987358797
3.0	4.646690521574499
3.0	2.883315968482138
1.0	0.04466874226028905
1.0	0.8710177571392317
1.0	1.855561931274699
1.0	0.9810124583156563
5.0	4.686221671976891
3.0	2.745463786028152
5.0	4.296114985832768
1.0	-1.0933433923219384
1.0	1.780798513345357
1.0	-0.06439821141398983
5.0	4.696853348173464
3.0	3.209718105701307
1.0	-0.4966929472215509
5.0	6.110727982419915
3.0	1.761677287277244
1.0	1.3397112132620248
1.0	-0.19608163012473945
5.0	5.9254670085043735
5.0	4.383338877911976
3.0	3.1365215397955435
5.0	5.412484778640559
3.0	4.333991643357427
1.0	1.6261031247657223
5.0	5.320432778030944
1.0	-0.9741550438722442
3.0	4.00429586239784
5.0	4.892867363233292
5.0	5.190353969715017
5.0	5.055743182364192
5.0	3.522020078758752
5.0	6.1069391070920425
3.0	4.600309559010619
3.0	2.83666849920822
1.0	2.080151405193052
3.0	0.6778574245606461
1.0	0.2510223411552682
3.0	2.089049470049756
5.0	4.680496025759511
3.0	0.3683201375237619
1.0	1.7118043517375772
5.0	4.484342661811245
5.0	2.996874384277727
3.0	1.811339810279562
5.0	3.446617902230114
1.0	-1.4316669868188647
3.0	2.0200855856904774
1.0	0.45535291445030623
3.0	2.6996335522047223
3.0	2.866617099128235
3.0	2.4896184989383694
5.0	2.7289612981880222
5.0	3.740851364203368
1.0	2.0350076763106397
3.0	3.186038024124072
5.0	4.327821976450242
3.0	1.9963457400189157
1.0	1.23160497223134
1.0	0.4651596319023862
3.0	3.325696086038441
3.0	5.310453412210354
5.0	3.424567027500772
5.0	5.460506442369203
1.0	0.673694123807749
3.0	1.4537936054428189
3.0	3.3423745653593473
5.0	5.520047740034168
5.0	3.7075200725716977
5.0	5.337557810815398
3.0	5.272271534250935
3.0	3.039578248801417
3.0	2.506341304932133
5.0	3.6927150168425893
3.0	3.7552163224904787
3.0	4.100032783642229
3.0	1.4132238262073207
1.0	-0.5968842067088238
5.0	4.491617205965009
5.0	8.121209094201504
5.0	5.656193257973103
3.0	1.1079294352182216
3.0	3.7932623266393306
3.0	3.5545870209700903
5.0	6.543319563730188
1.0	1.3084154637645495
3.0	3.9153394665916457
3.0	1.7397511434314477
5.0	4.844515616761746
3.0	3.1902611410882664
5.0	5.629983961943906
1.0	0.9509540152969077
3.0	2.018041442009414
1.0	1.2122167209720753
5.0	4.730472106531181
5.0	3.4954087474042326
5.0	5.436742307389592
3.0	3.241330730032587
5.0	5.467451199084414
3.0	2.4282097230991884
3.0	2.28552813884012
1.0	2.2361983586529806
1.0	0.8309734385587202
1.0	1.951121752589715
3.0	3.882351205508366
1.0	1.9951295418902477
3.0	3.3071394805447216
1.0	1.8425292657636576
1.0	0.2614277250002399
3.0	0.5124417756416251
5.0	4.014163940824978
1.0	0.7585352807374117
3.0	3.5646463144262635
3.0	5.4732060923057135
5.0	4.608756078865849
1.0	2.163242625539392
3.0	4.689674655762733
3.0	2.790062214844035
5.0	4.321428821258899
1.0	0.24469551027337622
5.0	4.264324907738103
3.0	2.817738478207324
5.0	6.734681680290509
5.0	3.4753654298924608
1.0	1.8095513687509888
5.0	5.372974917776423
3.0	4.265318709663325
5.0	3.960023385385766
1.0	0.8806521495432381
1.0	1.3739731326906057
5.0	3.9977346825349587
3.0	1.4158124617356256
5.0	3.815674832476053
1.0	-0.8797360938129182
3.0	2.391196431577357
1.0	0.08364777587146066
5.0	5.593115854247037
1.0	1.5568087404087296
1.0	-1.3252768471884506
5.0	5.62106706109523
5.0	3.767949429915668
3.0	3.5548086586555803
5.0	5.482040510045571
3.0	3.352589872631473
3.0	4.162220930244756
1.0	1.117567095464373
1.0	1.1638312545462783
1.0	1.0734960542082108
1.0	2.0258946337098935
5.0	5.364788118799324
5.0	5.252925187070109
3.0	3.5620906073081287
1.0	0.5440387536538647
5.0	6.586436802631794
5.0	5.110899885729917
1.0	2.072330474474553
1.0	1.6385487637440401
3.0	3.342914484849564
1.0	1.8120498523564275
5.0	3.696727948513704
5.0	6.254216392288212
3.0	4.131966009998483
1.0	1.7583657326007445
3.0	3.9171330741610615
3.0	2.839887810943318
1.0	-0.010478230659997312
1.0	0.849954304688832
5.0	4.519948013132276
5.0	5.031285097904657
1.0	0.9179992886761368
1.0	-0.05150893718034033
3.0	2.438893498206975
5.0	6.063614740152887
5.0	4.772837184628029
3.0	1.5471814482576522
5.0	5.4184426196034305
1.0	0.36340574846727103
5.0	4.996402343476271
3.0	4.100471800350119
5.0	5.875440785932085
5.0	4.5399082520765
3.0	1.8126795984371706
5.0	3.8897884387367503
1.0	0.3804551364326666
3.0	2.654154868938556
5.0	3.78440624731428
1.0	1.6839462443367768
3.0	3.0127901942790065
1.0	2.1017777379461107
3.0	3.780485670647818
5.0	4.577115053338744
3.0	3.294993939181962
1.0	1.1625636858834534
1.0	2.945857198952412
1.0	-0.006843649576079303
3.0	4.152302721897952
1.0	1.4635979865709667
1.0	2.1705007851734095
3.0	4.637293043210812
1.0	0.6653488981103735
3.0	1.626664263243176
1.0	-0.1695112380084005
3.0	2.5404870046769124
1.0	1.6945665336737812
5.0	3.8125969163734443
1.0	0.566148280445097
1.0	1.6909912614202232
1.0	0.6395121600694189
3.0	3.054573012321786
5.0	5.545700713473259
1.0	0.9574020983428362
3.0	1.7543910860611394
5.0	3.6676234798963816
1.0	2.4359058134733793
3.0	2.8081567967425753
5.0	3.7702021229633402
1.0	0.766103095329149
3.0	2.812837273590085
5.0	5.483966038951353
5.0	4.938217150348093
3.0	4.190596796377512
1.0	1.243834770563044
1.0	0.6391163339294927
1.0	1.0433604555177078
5.0	4.22002599096171
1.0	0.8501140564891881
5.0	3.9878495405219896
3.0	2.222855087334759
1.0	-0.5108139550970652
3.0	2.9299753345022133
3.0	2.897095156970642
3.0	3.402571027889122
5.0	4.703327961687434
5.0	6.4260278087473495
5.0	6.538596648714941
3.0	2.810837907528972
5.0	4.0719966393367715
5.0	4.807471702904548
5.0	5.767161083371109
3.0	3.2954494113866386
1.0	2.480128377837233
3.0	3.270653537015626
5.0	4.158287274501572
3.0	1.7484107824301973
1.0	-0.2695261186513287
3.0	3.4195761394010993
3.0	2.10194338737427
5.0	2.8211742706076586
5.0	6.036596331649089
1.0	0.16039902355157287
1.0	1.073104916051761
5.0	3.1045206135783703
1.0	1.6272592981798697
3.0	3.7163719407470945
3.0	2.9130714951963745
1.0	2.2729047398477014
3.0	2.414627028879643
5.0	5.285944001338569
1.0	0.4584253812095831
1.0	-1.33548116187854
3.0	4.588722180984023
5.0	4.712927798892732
1.0	1.9564506190108606
5.0	4.860700604869997
5.0	6.123491146385035
3.0	1.9424835715310627
5.0	6.333342392277768
3.0	3.3701032127952337
3.0	1.6910252399590584
3.0	2.113949128755134
5.0	4.660313820840527
5.0	5.768395821229132
3.0	2.537635307800664
3.0	3.477907123789545
1.0	2.1907374745624977
3.0	1.6192131196100257
5.0	3.9719208200233944
5.0	6.094669819872964
1.0	2.298115299246355
1.0	1.431277801423584
1.0	0.24758017889977812
3.0	3.043486968275316
5.0	4.2860107808087236
1.0	0.8335022656872597
5.0	7.366649418500939
3.0	2.4406384987585925
1.0	1.1635079324802238
3.0	2.60937135563112
1.0	0.13246254521723755
5.0	6.088570019430939
1.0	1.7845642653109584
1.0	1.8831328164136014
1.0	1.4778852705912482
5.0	2.5669546605366866
3.0	2.09264312650735
3.0	3.8265418720198294
1.0	-0.6108928189752083
3.0	4.646875864530479
1.0	1.5195788954653264
3.0	3.5363697715129456
1.0	2.4950506153453307
5.0	5.698158790175744
3.0	1.5849053336265262
3.0	4.367539895120528
3.0	3.208358046231119
1.0	1.4058038992651638
1.0	0.6436349572125839
3.0	2.647974422679691
3.0	3.8365517315106006
5.0	5.2452844743678275
1.0	1.101975130498165
1.0	1.948631303421612
5.0	3.769225869719677
1.0	-1.993186675348173
1.0	1.5846219817309666
5.0	5.213820016401573
5.0	6.603042896211824
3.0	2.8086215727259405
3.0	4.792948713509632
3.0	3.2501518858518605
3.0	2.6195275856011198
1.0	-0.7428661887619481
5.0	5.982698038440924
1.0	-2.504910440766402
1.0	1.0971073346189715
5.0	4.283068168783834
5.0	4.599346290869146
5.0	6.079110816551107
1.0	0.8380304312182965
5.0	4.047740837029578
5.0	7.561112238411013
3.0	4.643009765316515
3.0	4.1905534939466875
1.0	0.0953410318101795
5.0	5.231698595665922
3.0	2.2468881634160662
1.0	2.26902581124238
1.0	3.1971339372095313
1.0	-0.26945583350729896
5.0	7.027045599804844
5.0	3.631531094579279
1.0	0.6524543291976985
1.0	0.2814711531175098
5.0	4.439526921836466
5.0	4.674985716248806
5.0	6.4807171542300015
5.0	3.140474719882364
1.0	0.5453763047191824
5.0	5.524445224387105
3.0	3.7215284719407897
1.0	0.6703441552304765
3.0	4.153434916780142
3.0	3.9832516803009304
1.0	0.5977992001596375
5.0	5.17198216640974
3.0	2.613519657190491
5.0	5.144561442565689
1.0	-0.7014563115278278
5.0	5.458490644411119
5.0	4.232986059046572
1.0	-0.16576886276336067
3.0	2.5114792941134705
1.0	1.4911715382741577
5.0	5.812065587767314
5.0	4.508490632231505
5.0	5.659147160375563
3.0	3.026774271672945
5.0	6.693462345133429
3.0	2.610654661851251
3.0	4.335391921996819
3.0	3.058526325316015
1.0	-0.9101380102320202
3.0	3.5466484432114314
1.0	-0.8673897501894239
5.0	5.537324247288933
3.0	2.0524461395017246
5.0	4.78117967121272
3.0	3.093881400472483
5.0	5.723431581649449
1.0	-1.1883599636023727
3.0	3.349507538318817
3.0	3.2447736178560396
1.0	1.225625642243663
5.0	5.05517293552051
5.0	6.837242823957277
5.0	4.75782861996472
1.0	1.9043473872994672
3.0	3.3701305786951217
1.0	1.1364801648187985
3.0	3.3046350997738174
1.0	1.8991821894521737
1.0	0.3702609423801234
1.0	2.3646373896987662
5.0	5.969084046862817
3.0	2.4666478978549504
1.0	1.1185386730185067
1.0	1.1755003801286317
1.0	-0.7989654129594117
3.0	1.0789232861100357
5.0	4.048559745622921
1.0	1.0499565653791918
1.0	1.468351122760447
3.0	3.319110960305146
1.0	0.6580521759574101
3.0	1.5436440877187922
3.0	2.6208658128249844
3.0	2.4713202230207947
1.0	0.3571011183954209
1.0	0.9956513308552594
3.0	2.4727203595460416
1.0	1.9637093390473686
3.0	3.8812215302476285
5.0	5.361645868021195
5.0	6.511228667266116
1.0	2.1739169756202035
3.0	3.9134681408488468
3.0	3.539469443541029
3.0	5.246922124738868
3.0	2.0854589392745244
3.0	2.4530383871512056
5.0	4.84289337601059
3.0	2.2760649013822727
5.0	6.8354821321323564
5.0	4.686005684199063
3.0	2.4195819273520005
3.0	4.011336618813744
5.0	2.9526608710101128
5.0	4.691770397301738
5.0	6.075321754277462
5.0	5.3854701962704326
1.0	2.05663854374613
3.0	0.9932004834810364
1.0	0.2017895062073295
5.0	6.56904456185756
3.0	3.817604161143548
3.0	2.916737728135179
1.0	0.3540027735282735
3.0	2.490973273710164
5.0	3.7911367975744863
5.0	4.978502098338872
1.0	0.7406759851998179
5.0	5.894773307543403
5.0	5.037664322433943
5.0	5.547790903288631
1.0	-1.0023549862528665
3.0	2.9170819323822066
1.0	0.9269669171917458
5.0	4.698481633085954
3.0	3.3324984625370435
5.0	5.435095129676105
5.0	5.0808661895890594
5.0	5.3130110660954255
1.0	1.11628933683272
1.0	1.8679573561132443
1.0	0.26858783135504605
3.0	0.10950814055948266
3.0	2.6714249134874093
3.0	2.0483948401491916
1.0	-0.09607070850545196
1.0	1.5719050398232257
3.0	1.154306443718226
1.0	0.09297553931620661
3.0	2.0128239728193824
3.0	5.020346593052039
3.0	2.915442810690979
1.0	2.768161038075006
5.0	4.508046020406365
3.0	3.488067673495312
3.0	3.7479040867554754
1.0	2.739955980022854
3.0	2.3479955082223483
3.0	3.196456326818912
5.0	3.5898291527817268
1.0	2.716875041995557
1.0	1.1368077079447094
1.0	0.16709348612782227
3.0	2.785408868218961
5.0	5.887115341058413
3.0	3.2765883224315213
1.0	0.550043902229163
5.0	3.490878219739645
1.0	1.1266708962249312
3.0	2.339941290414593
5.0	4.359049696423271
3.0	3.3315697156570163
5.0	2.937171675895555
1.0	0.5686843333460978
3.0	2.416559550725605
1.0	0.23074344243953004
1.0	-0.7100426203542494
3.0	1.9258782696842867
5.0	5.489146027875903
3.0	0.9445768188396793
3.0	4.657814896264636
5.0	4.793664933158882
1.0	-0.2134485469463525
1.0	1.7650937650453113
3.0	2.448588924817612
5.0	6.117992850283725
5.0	5.299046458974643
3.0	5.165865727366473
1.0	-0.47784354960306397
5.0	5.354003505280267
5.0	6.946384786991606
5.0	3.860580420801168
3.0	3.263584133083291
3.0	2.8914591145307527
1.0	0.5282490301970898
3.0	0.8668122424978679
5.0	5.790093100429772
3.0	3.02304006392434
3.0	3.966240335267498
5.0	3.653547851779442
1.0	-0.3103677444036588
3.0	4.314727579412118
3.0	1.5918658058101716
1.0	2.5086690861023877
5.0	3.5354872126090875
5.0	5.652605077982414
1.0	-0.2256160678651684
1.0	1.1957344450543363
3.0	1.9400304942134934
3.0	4.141447738858659
1.0	2.0232078378611247
1.0	0.03064399389552186
3.0	3.3044549818933886
1.0	1.5239824754572326
1.0	0.38828771151328545
5.0	4.4066120659566375
1.0	-0.2965122986195441
5.0	3.740185691241515
5.0	4.914170547571717
5.0	4.609511922887892
3.0	2.60860962080447
1.0	0.18460741353557286
1.0	0.5552546129616525
5.0	3.7076799210613545
1.0	-0.0326770522319062
5.0	5.368982641566036
5.0	3.9946236027243103
3.0	2.865193212732145
5.0	5.63812914887308
1.0	0.6536280812640483
1.0	0.8119660016010144
1.0	0.05129827872611348
3.0	4.010927740949663
1.0	1.9892595684920575
1.0	1.4285222288256678
5.0	5.3710653360087495
1.0	1.8137992231090563
1.0	1.9244360024174845
1.0	-0.9628566044919649
1.0	-0.23614082935862069
3.0	1.3878375617355008
5.0	3.676962102547331
5.0	5.623220940338262
3.0	1.763139918842235
1.0	-1.585092543392515
3.0	1.8126324759876802
3.0	3.040122147960792
5.0	4.2540205658160595
5.0	6.025455138176204
3.0	2.026195702059035
3.0	1.5692580329666252
1.0	0.8281293233748442
3.0	5.092176244701933
5.0	4.2530223334569195
1.0	1.9656581194394125
1.0	2.683922375489554
1.0	0.9303291334302856
1.0	2.1340598839234444
5.0	5.916693815741105
3.0	2.9995254355256047
3.0	3.29986924136995
3.0	3.409094216271524
1.0	-0.42587024968856424
3.0	4.9156213173296734
1.0	1.452130978813437
1.0	1.570645696867835
1.0	0.34965588775049883
1.0	1.7870873940220795
1.0	-0.05761120640859274
1.0	1.7636280650612568
1.0	0.284661229395447
3.0	1.7764016331458896
1.0	1.1755841915294756
5.0	5.611142691539898
1.0	2.3624215612430035
1.0	1.1570077207153364
1.0	-0.2794577604251416
5.0	4.422640927289303
5.0	5.332952784706928
3.0	3.249656203762792
5.0	2.432003277372315
1.0	0.4833718569983614
5.0	5.930052641657527
1.0	2.5590062087437815
3.0	2.9706382543839283
3.0	3.4789785069994354
5.0	5.733719072345424
1.0	-0.9047499137049038
5.0	5.713877871423986
5.0	3.6426328617673756
3.0	2.5302971122072035
1.0	1.4219103064831247
3.0	3.5984385999615474
3.0	2.4125866488298726
3.0	1.9489388665581264
5.0	3.4254515307064146
1.0	-1.050947518224921
1.0	-0.34783287760588033
5.0	4.560447202126544
1.0	1.5528541261083564
3.0	3.599064564614743
3.0	2.265413727277841
5.0	4.892315014989474
1.0	1.675111692509316
5.0	6.464762433300846
1.0	0.2858388286114373
5.0	3.4131253451040084
3.0	0.787566705707631
1.0	0.9789806591886508
1.0	-0.044387272033504566
5.0	5.053985423437741
5.0	5.027062577733283
1.0	0.37024693192408753
1.0	1.174465459755825
3.0	3.094819820299081
3.0	1.7409442995038533
5.0	5.155399425708325
1.0	-0.2562222421694995
5.0	4.274601843763548
5.0	4.538763682621195
5.0	5.422030974271283
1.0	-0.34045653600383496
3.0	3.065775466359745
3.0	4.582793001113934
1.0	0.9599700531862587
5.0	3.762860783816654
1.0	1.2350237431156665
5.0	3.9230484815461457
1.0	0.44879469755757595
5.0	4.076487929364737
5.0	5.859737403702015
5.0	4.595589416839248
1.0	1.808514141675517
3.0	2.8755012302822895
3.0	3.375404786564844
3.0	3.587171373525611
3.0	4.510109127071857
5.0	4.640064917111702
3.0	3.1168376959576047
5.0	6.228282123090278
1.0	3.1164751278128624
3.0	3.378543758215644
1.0	0.8774986721685719
5.0	4.300321205089791
1.0	0.5712989429239237
5.0	3.1643348919668286
1.0	0.92101843595871
3.0	2.8671612568754288
5.0	5.222195182526875
1.0	1.3573155077345687
1.0	1.5452199911021782
1.0	0.332341868528202
3.0	3.245482857613042
5.0	4.013446373759051
3.0	1.9841003270043454
1.0	0.8433674475267837
3.0	4.086673380320972
3.0	2.2783669706673453
5.0	4.706366450176398
3.0	3.1802030325402355
3.0	3.550085789476252
3.0	2.2752403888339034
3.0	3.3505403140314454
1.0	0.4468555695140639
1.0	1.1443811364991154
3.0	3.6574904754360222
5.0	5.375520044673008
1.0	0.5794702022443072
5.0	5.0835505816151505
3.0	1.2412281649386658
3.0	3.2093052218289615
1.0	0.3159769329478902
1.0	0.36673325595487327
3.0	2.235776511812326
3.0	3.795251828755201
1.0	1.1496928817554812
5.0	4.8532435349993115
5.0	4.233421603137294
3.0	2.3028787856203743
3.0	1.5265561529757627
5.0	3.377504918110888
1.0	1.873435160625287
5.0	5.1257650596241175
1.0	0.849312806147811
5.0	5.402015789284259
1.0	2.109087014469372
5.0	4.144347668131731
5.0	5.853598358612585
5.0	5.178936456555206
1.0	0.26250831707066014
5.0	5.303270859286326
5.0	3.1034834962824087
5.0	5.297027180859538
1.0	0.9672619663438186
5.0	3.675976050579764
1.0	2.3213126300674602
3.0	2.2438146306877416
5.0	5.058930814403395
5.0	4.312069403289917
5.0	6.933810834592073
5.0	7.1078011410378
1.0	0.4223252547388511
1.0	1.1622236977602964
1.0	0.19204059654941608
3.0	4.494284632745204
1.0	0.958894986688517
1.0	0.5253779131581695
5.0	5.548798398567778
1.0	-0.5500036553831242
1.0	1.315947621848499
3.0	1.8743031179344052
3.0	3.4019403395563073
5.0	4.78065903034252
5.0	5.334777210891882
5.0	5.117334148316519
5.0	4.502852319608912
3.0	1.9710315868950128
1.0	0.22593472974476791
3.0	2.5674047065206267
1.0	0.7207354300575093
1.0	-0.059169297289085154
3.0	0.9020113557715135
3.0	2.813377505640116
3.0	3.8426694352389714
1.0	0.8780157423822936
5.0	2.921905239344019
3.0	2.815435736973425
3.0	2.390650522437421
5.0	5.929271680967708
3.0	4.171128933203969
3.0	4.740484025871437
3.0	2.7932953935605442
5.0	5.778654686912402
1.0	1.0058958144997197
1.0	0.353103401164401
3.0	3.0305302814372768
5.0	4.786875924079681
5.0	3.611286019118778
1.0	-0.19317646306921477
1.0	1.350817135464318
1.0	-0.2695366735521021
5.0	4.870759739051064
1.0	0.514376577207513
5.0	4.486853603092408
1.0	-0.4238659745812887
1.0	-0.07522196179866736
1.0	-0.052404807171792855
3.0	5.001226229858092
5.0	4.693560022360292
5.0	4.754644221139699
5.0	6.3311011372607515
1.0	1.6169455716922152
3.0	3.160613847916542
1.0	-0.7194440242223625
3.0	1.9015481256484008
1.0	1.6066140285022033
3.0	3.875235644517729
3.0	0.8820768972631203
5.0	6.035955379822089
5.0	5.842079895784789
1.0	1.541778765023702
1.0	0.8400430267843941
5.0	4.701974448142975
5.0	4.001617045627879
5.0	4.967749902471031
5.0	3.8123231631244323
1.0	1.1779311256539837
3.0	3.914614665584021
1.0	2.0163822457704
1.0	1.3053514936427026
3.0	2.813449971926821
1.0	1.6221351855304662
1.0	1.2480664257895169
3.0	0.33361377427016414
5.0	4.210230006569386
5.0	5.923136849449012
3.0	3.089055287643625
3.0	3.0661027592072996
1.0	1.1195376046504504
3.0	2.3734326930285343
3.0	4.727110987993285
1.0	-0.49886802276292364
1.0	1.3798399729896036
5.0	4.22712973645325
1.0	2.490330322388857
3.0	3.4658526868932693
3.0	3.5415468528729313
1.0	1.8306796020152767
3.0	5.177121879019278
3.0	0.9563831328819146
3.0	3.882608762458472
5.0	5.266317653352047
5.0	5.7089097058396385
5.0	4.68512692983329
3.0	3.6811463993509905
5.0	7.174806387109123
3.0	3.3878351012937657
3.0	1.2056130503129754
1.0	1.4362139633357909
3.0	3.2212191993611605
1.0	1.265458397374362
1.0	0.9138200935856761
5.0	4.668467567934346
3.0	2.791971437555779
5.0	5.934716190500547
5.0	3.4518138203283155
5.0	5.977339714931111
5.0	4.168662704324104
1.0	1.809413018215623
5.0	6.494274982344457
1.0	2.474955977937714
3.0	2.310187355022647
1.0	2.4024280523097388
1.0	0.9749514389074225
5.0	4.22054973869105
1.0	1.0178578804338703
5.0	4.684527377789924
5.0	3.2228256099642283
5.0	4.229570744039397
5.0	5.031929792459062
3.0	2.4697516201503946
5.0	4.5346530578991775
3.0	1.6391185134461175
3.0	2.687209089346386
1.0	0.44297702803081807
3.0	1.2879345335866657
3.0	1.821747604527633
5.0	4.405758203943807
3.0	2.8647018408881437
3.0	2.5879588658364003
1.0	1.7597359604605893
1.0	1.6980804091609982
5.0	3.499440110214899
1.0	1.6408407902269224
1.0	-0.0681149735407911
1.0	0.7573728587463325
5.0	5.637460368962337
1.0	1.12383310264853
3.0	2.053063299138594
5.0	2.7333637613088264
5.0	4.593248437718561
1.0	0.7899909716180012
1.0	2.8815445094265795
1.0	-0.3085293253640724
1.0	2.7879299894425307
5.0	5.179179587303672
3.0	2.2778345686217207
3.0	3.1629912341560003
1.0	1.9364333208193667
5.0	4.211062774518278
3.0	2.34313929500474
3.0	2.2927437506019768
3.0	3.8917526562370184
3.0	4.962496900527809
3.0	5.059875828371122
3.0	1.7381330199054477
3.0	2.5166805677647055
3.0	2.313667095564723
5.0	4.386732550519791
5.0	4.225663590636264
5.0	5.299479559316711
5.0	5.09457424494712
1.0	1.205201482002185
3.0	3.371739254180785
1.0	1.8043487110273846
1.0	1.8179102907127171
3.0	4.284710926467212
1.0	-0.9552752287309718
1.0	1.751051185840047
5.0	3.187746400340754
5.0	4.513659642794989
3.0	4.20851237169532
5.0	3.1972845797622274
1.0	1.1648129174419852
1.0	-0.17818548401391276
3.0	0.9416936860870844
5.0	3.211775476114383
1.0	0.42287393137249274
1.0	-1.031282232096601
1.0	1.7978642128836166
5.0	5.706802436390358
1.0	-0.1691170794880814
1.0	0.06957675485132042
3.0	3.836718319119533
1.0	0.055936105829656135
3.0	3.354516423859745
1.0	-0.7315324805658048
5.0	3.1944089902211665
3.0	4.628631252463094
5.0	6.043970491151451
3.0	3.0694103120357745
3.0	1.5156505734023447
3.0	4.846246366009178
3.0	3.161144558853642
1.0	0.41894331579814426
3.0	0.17068777064062157
5.0	3.6974279649565176
1.0	-0.056021793717005774
3.0	2.762717310371202
5.0	4.62990090296893
3.0	4.4212750777331875
1.0	0.7468123619711458
5.0	5.639521909044831
5.0	4.096481002821799
3.0	3.501584620107657
5.0	4.002058219757016
1.0	0.516198107155831
5.0	3.251897215193101
5.0	4.681609226259946
5.0	5.405898121322867
3.0	4.820861420435552
3.0	3.867366732348508
1.0	0.21024398859243465
3.0	1.904238199312374
1.0	1.530969011373963
1.0	2.553189259026239
3.0	2.3573301076858373
5.0	4.644758453947831
1.0	1.2913927945865238
3.0	3.4519807650449508
1.0	0.7982001477817661
1.0	0.29158713720482554
1.0	2.4472416617530164
3.0	3.3698414356640614
3.0	3.7107781902322405
3.0	1.9345671365317822
1.0	-1.4852412199157117
5.0	4.644646116141658
3.0	2.084363402395509
5.0	4.20602873300183
3.0	2.9629520291277096
3.0	4.99168590749242
5.0	4.156829091882477
1.0	0.5512713770785034
1.0	-0.5379368872546026
5.0	4.194803620751575
1.0	3.3219570015401545
3.0	4.070256231150456
3.0	3.179330447862589
3.0	3.128480183629238
5.0	6.567464049452318
1.0	-0.09300957238544316
1.0	-0.4797582161306704
1.0	0.7783662595389274
1.0	-0.07827404761340251
3.0	3.0046113364275584
3.0	0.7896463899830968
3.0	3.5547795822510633
3.0	3.094378805152542
3.0	1.8076843330991585
1.0	1.7401657511388666
5.0	5.025437683536669
3.0	4.580381249189432
5.0	4.401368748861284
3.0	2.9971698053540456
3.0	4.591015233730877
5.0	4.895209375167322
1.0	0.6675586009271968
3.0	4.018666487764435
3.0	4.249887139321635
1.0	2.2757031077193575
5.0	6.335556531859296
3.0	4.31737013182967
5.0	3.743076227597493
5.0	5.05838110562783
3.0	0.6052165837196952
5.0	5.813031813305534
3.0	2.7184324382266607
1.0	-0.2554870150116548
3.0	4.672772510457023
5.0	4.370024078542394
3.0	2.246863298627865
1.0	2.4116276623821475
5.0	5.650652231867702
1.0	1.7068291055182063
1.0	1.1009512249559754
1.0	1.9018122630169234
5.0	3.5369279119073895
5.0	5.882176057008289
1.0	1.3330681860161973
3.0	2.9952987568512612
5.0	4.3285860376203225
1.0	2.7775902934991996
5.0	4.1509532236086395
5.0	5.064408633527216
3.0	3.239632601314365
5.0	4.133215257887176
5.0	4.668314207188341
3.0	3.59337313791859
3.0	3.052971692891883
1.0	0.37090150134577127
1.0	1.3609144328395342
1.0	1.7874391205458138
3.0	1.3120021913227897
5.0	5.485771353961516
1.0	1.7905910024199754
3.0	2.9581582041532393
5.0	5.183037634820348
5.0	3.704390735459727
3.0	1.7462298482002188
5.0	6.1125590819620825
5.0	4.042784514303028
5.0	5.813362957105054
1.0	0.2810307391011675
3.0	3.1555859602550433
5.0	4.490845689735343
1.0	1.2441331256982884
1.0	-0.1284814016935072
3.0	0.8965743178723455
5.0	5.459203012518268
1.0	2.0627689229443753
5.0	6.737408460818403
3.0	2.8045051303342676
5.0	5.415430311511566
5.0	4.778403335750334
3.0	3.3244921565600545
3.0	2.312903737902513
1.0	0.7396155448554853
3.0	3.818058985145222
5.0	4.899190485518062
5.0	4.263030081957156
3.0	4.181718583640956
5.0	5.0794488065478705
1.0	0.03423731646509187
3.0	3.779942263086609
5.0	6.6934357094534995
1.0	0.8540175250420126
5.0	5.4223284486294325
1.0	1.101420581310745
3.0	3.670225845545282
5.0	3.371183383692493
5.0	6.803782450016903
3.0	2.668039590900499
1.0	-0.07388884759966041
1.0	0.5602522899659481
5.0	6.636948389389404
3.0	2.6066503397625334
3.0	1.17977666312148
3.0	2.091241231645852
3.0	3.672214497344436
3.0	3.456989577731776
3.0	2.6488704566899
1.0	3.4135928729380294
5.0	3.5010352295254474
5.0	4.876165997878443
1.0	0.05452863718622669
3.0	2.9980623282683405
1.0	-0.381086541815155
5.0	4.560068172769796
3.0	2.4554390104962422
5.0	4.400588263015712
3.0	1.7600794470318972
3.0	1.9478202441207826
5.0	6.0947308345941265
3.0	2.098978649288349
5.0	5.798734114904442
3.0	3.5916496337736934
1.0	-0.04473815757906219
5.0	5.690079204983301
1.0	1.0499655158831411
1.0	-0.7047070200593333
3.0	3.4106915313208837
5.0	3.5436839046719775
3.0	3.440042530813689
3.0	4.046803613599879
1.0	-0.371055143442222
1.0	1.795249095678408
1.0	0.9137267243164959
1.0	1.3331197297615431
3.0	2.2529259611017687
3.0	2.8889414396990567
3.0	3.7059621416335244
5.0	5.792691958949682
5.0	4.1830392791070325
5.0	5.2679043779512815
3.0	2.5933989520641454
3.0	2.6788303385691092
5.0	4.281559124504976
1.0	2.625554790252415
5.0	3.9376010290817103
3.0	2.0237984341244952
5.0	4.881446743775191
5.0	4.867974224130549
1.0	1.1647807953310807
5.0	5.740865308600728
5.0	5.033480056197019
3.0	2.6058800836974023
5.0	5.689854455929706
3.0	2.2769808919377486
5.0	3.830835733716418
3.0	1.3469572880177707
3.0	1.5216027766884925
1.0	-0.4056645208520655
1.0	0.6247643911879992
5.0	3.7727964935608034
5.0	3.968960178756124
5.0	5.088119337233859
1.0	-0.4548430615961676
1.0	1.21648859576296
5.0	4.777477449783646
5.0	4.4949367666846385
3.0	2.9803291339706166
1.0	0.9002481581713648
1.0	1.5930337421478993
1.0	1.9440261087656832
1.0	1.0120846117201672
5.0	3.837389246725382
5.0	4.505804875930291
3.0	3.5417923336062964
5.0	4.879805425422522
3.0	1.3402758444270106
1.0	0.10491363757713401
1.0	1.0643924181987197
3.0	3.108670801963713
1.0	-0.37821623283560224
1.0	1.9126327656697613
5.0	6.05321623825835
5.0	4.782652033219531
1.0	0.42545566364660414
3.0	1.6289026588678388
1.0	1.8220902795787528
1.0	0.28029311825280623
5.0	4.647249977136156
5.0	7.351390821263686
5.0	5.198137549407956
3.0	5.168218192629587
3.0	2.3985000362539974
3.0	3.486887901057996
3.0	3.692837354989623
1.0	3.658796432153441
1.0	1.6721623113445983
5.0	3.9587111310206167
5.0	7.199334176889236
3.0	5.127089293974212
5.0	5.381914590699372
1.0	1.0622359834167507
5.0	5.0482882553207125
5.0	6.836201218009595
5.0	5.526523126162457
1.0	0.47968941964742706
1.0	1.022405076196456
1.0	0.9035981082588711
1.0	0.8857218722762752
5.0	4.5642449191098295
3.0	4.942007249446218
1.0	1.4877861189694455
1.0	2.9317230249184023
1.0	0.29849734128236405
3.0	1.4842794628738878
3.0	1.9908971910088837
1.0	1.1997493899400655
5.0	5.361912461205416
1.0	1.7741507267507757
3.0	2.7475918903600114
3.0	2.6684073322802533
3.0	1.5153544441063678
3.0	1.7380062193933754
1.0	1.4483075756064065
5.0	5.152750368303504
1.0	0.28329141326950125
3.0	3.7276490423336366
3.0	2.8265598968393304
3.0	1.7503881951328242
5.0	5.277675702988544
1.0	0.023757356083667802
5.0	5.189758941971178
5.0	4.262585094393817
3.0	3.1098573689336226
5.0	5.070122843981515
1.0	1.3043748508487205
3.0	2.638622067823749
3.0	4.5934428279649335
3.0	4.7082653921381175
1.0	0.44126574934370877
5.0	4.813939200407371
3.0	3.499473730128538
1.0	1.3042719705462342
1.0	0.10718365450629586
5.0	3.9132716333271698
5.0	4.636334024450771
5.0	5.951200874357048
3.0	1.409500603628815
5.0	5.070811053183057
1.0	1.0403542963184358
5.0	6.171338591015768
3.0	3.4208879183621206
3.0	4.779761883194807
1.0	1.0130746681905725
1.0	1.809224806828715
1.0	2.1267018689878197
1.0	1.4354798093552652
1.0	0.874357440454687
5.0	4.489002024867869
5.0	4.924739090690101
3.0	3.0108036930033615
5.0	3.326302213685529
1.0	1.6286999059515317
5.0	4.920311031932965
5.0	3.4519313982133983
1.0	1.8280829760520771
1.0	0.9960491869970418
1.0	2.4074501023902917
5.0	4.647597590341698
5.0	3.6223354375035384
5.0	5.303307074657812
3.0	2.592396737981918
1.0	0.08776288877257377
3.0	2.6557991749371777
3.0	3.4916085462301956
3.0	2.728912694922224
1.0	0.4169537466873753
1.0	1.7829216538454973
5.0	4.872056720331466
5.0	4.907491328987951
1.0	0.55182005403757
1.0	-0.35854697640533395
3.0	2.1604089998033458
1.0	0.6080640502944399
3.0	3.161650419639417
5.0	3.986486830054691
3.0	1.6289274416036725
3.0	3.268575975110174
5.0	3.9783677519809792
3.0	5.004791360621756
3.0	1.4647215284476047
3.0	2.4989468726689714
1.0	0.5920345556421651
1.0	2.3118373104887975
3.0	3.6516172585102344
3.0	3.4816447291558617
3.0	3.726241234835647
3.0	2.280371860283349
3.0	1.7762706316170795
5.0	4.5394038478861285
5.0	4.574623849530699
5.0	5.379307893907138
3.0	2.4591613510021437
5.0	4.970465785624886
5.0	4.6959388553485875
5.0	3.663659104589774
3.0	1.9123321466646348
1.0	1.9616753863497436
3.0	3.4100269023329446
1.0	0.17552834380348092
5.0	4.77982324895545
1.0	-0.07668736885158056
5.0	5.070357217465992
3.0	2.673045213522707
1.0	2.7777397087509987
1.0	2.6032235683897547
1.0	3.0976016771895845
1.0	2.3137742578947447
3.0	2.8431805579710465
1.0	1.5469047920091126
1.0	1.7427130056885196
5.0	3.8486875140675627
5.0	5.418072835521535
3.0	2.0125048417263764
1.0	1.9733304753273253
3.0	3.5098653707047687
3.0	2.529838667712238
3.0	3.67362995079858
3.0	4.181257668594364
5.0	4.623167576386897
5.0	5.24076149298431
3.0	3.2612790288248457
5.0	4.059158613846103
1.0	0.21338979483415943
1.0	1.1716339164258698
3.0	3.298562324906414
3.0	5.150933798596618
5.0	5.299896720616471
3.0	3.000922100488252
3.0	4.591407103470748
5.0	4.982032412416562
3.0	1.9906566004175579
3.0	2.098953718627225
1.0	0.5089221573975063
1.0	0.944447345668718
1.0	0.5952472612074717
3.0	2.8549761259997957
5.0	4.838865085486654
3.0	4.446609262966238
1.0	0.5188860633612962
1.0	2.841097060171938
5.0	4.677255103812805
3.0	3.2186594187887967
1.0	2.6330569778459694
5.0	4.429800760824697
3.0	2.927963066067267
1.0	1.6998341390035285
5.0	4.883806292443007
1.0	0.9898347336177657
3.0	2.1555320609578983
1.0	2.1400790895583066
5.0	4.760569384727355
5.0	5.877458376716047
5.0	3.353905207455216
3.0	3.571445605720272
3.0	3.1651645889469777
5.0	4.593291557331256
3.0	2.8995838601569597
3.0	3.1133950079109787
5.0	5.199926419835591
1.0	-0.18719111828963286
3.0	2.484985391103817
3.0	4.061218289471405
1.0	0.7396401119179901
5.0	6.464139319778281
1.0	0.22406849193533485
5.0	5.296408206391766
5.0	4.343251284512872
3.0	4.151316073545663
1.0	0.10881896707141014
1.0	0.6182736533606041
5.0	4.45222895044282
1.0	2.054273426873217
5.0	4.531166224387167
3.0	1.7397787560013382
1.0	1.28384041231188
3.0	1.3478934814878347
3.0	2.7248310752454348
1.0	0.9986147766973582
5.0	7.602285722066107
3.0	2.881303407283337
1.0	0.7384787570172637
1.0	1.9159867259147771
5.0	5.633595302418715
1.0	0.7474421868324398
3.0	4.051736707475027
5.0	6.198725437702201
5.0	3.7965304725445366
1.0	0.9032943895808108
1.0	-1.803376825217518
5.0	6.1957620221791405
3.0	3.5431559671437967
5.0	3.5251397030435205
5.0	6.236990771137027
1.0	0.5699469240552872
3.0	2.213245825194587
5.0	2.469945290960712
1.0	0.2754869311053404
5.0	5.534843252861571
5.0	5.869811968616034
3.0	3.3071772264114276
1.0	0.07460272950013969
3.0	2.8417380269418486
5.0	5.446000648492074
3.0	4.259756498604574
3.0	3.250483134370605
5.0	4.977906167754687
5.0	5.641654182425848
5.0	4.91911613116215
1.0	0.4371500501411141
1.0	0.40370280354949584
3.0	3.143776116143301
1.0	0.49890811657788114
5.0	5.719046662119937
5.0	4.557539287458663
3.0	2.8883505588227303
3.0	1.5605107199635189
1.0	1.338551233210779
5.0	5.980143873763819
5.0	6.671682409119971
1.0	1.4928553034974796
3.0	3.4705274711883134
5.0	6.04578519063724
1.0	1.489436481096359
1.0	0.5150047134050788
1.0	0.36345601846850606
1.0	0.49030947347529874
1.0	0.2154983263745116
5.0	4.545467143742126
1.0	0.6159802126455703
5.0	6.203029853544552
5.0	4.993214833796403
3.0	1.9649897349855103
5.0	4.547128145639557
5.0	5.095577718740801
1.0	1.7856691643426932
3.0	1.923947767880915
5.0	3.9018947081145248
3.0	2.8924881719903217
5.0	4.131123440450175
1.0	2.4882046966972506
5.0	4.385782158810616
1.0	0.5255425987103015
3.0	2.588223690203596
3.0	1.819203907413035
5.0	5.445144864523195
1.0	3.1027383143458853
1.0	-0.2581158589527981
1.0	1.6181649145909307
5.0	2.282886537659953
1.0	1.920415831155118
5.0	4.5775105690656765
3.0	3.2630784943642555
3.0	1.052208978466249
1.0	0.8334552546609268
1.0	1.0037586004329209
5.0	3.605032996339924
5.0	6.283003782734967
3.0	3.510127112741946
1.0	1.1233720075499598
3.0	1.3028403046025685
3.0	4.49080832511785
5.0	4.981839998591488
1.0	0.35735600839973036
1.0	1.533857378643607
1.0	0.730924053354671
5.0	4.380420700270034
3.0	1.1719367558858618
1.0	0.06303925727091964
1.0	1.6200331360232367
3.0	3.414107331944549
3.0	1.6076751411854924
3.0	2.034154286055793
1.0	-0.09865748071646552
3.0	1.9407202822025007
1.0	1.2835791089293307
3.0	4.291110419312764
5.0	5.5606578515899585
1.0	-1.3000545123927525
3.0	3.3765072903426927
3.0	2.538279797201602
1.0	2.274963295922549
5.0	4.762317681131758
5.0	4.287863996886794
5.0	4.899729867616718
1.0	1.4393893806383589
1.0	0.4593472166667245
5.0	4.628772539446382
3.0	1.888468803773035
1.0	1.1747387929468183
3.0	2.502669404727374
3.0	3.046226349479939
5.0	4.576792698656882
1.0	2.9232854107385875
3.0	4.421051854939028
5.0	4.670211869114841
1.0	-0.27688723595648823
3.0	4.575925958474156
1.0	1.9520137012933945
1.0	-0.7347782410411936
1.0	2.869605883342319
5.0	4.4114490183479695
5.0	5.2970145460370635
5.0	5.981147474153277
1.0	0.1004567682573475
5.0	5.637316601722301
5.0	5.092294510264311
1.0	1.0860988709668629
3.0	4.239512391093106
1.0	0.08489782739260487
3.0	2.7262719922624172
3.0	1.2032478753325972
1.0	1.871984586509347
5.0	4.240419699674951
5.0	4.392782984833367
1.0	2.792514963285551
5.0	4.581754777104138
1.0	2.0833925328373626
3.0	1.165265407167784
3.0	1.2397360706441514
3.0	1.7218263510454335
5.0	5.6915442139787285
1.0	1.0684315231377361
1.0	0.7099798434574259
3.0	5.001461027320266
5.0	5.076691134858185
1.0	1.880656788822608
1.0	3.20850291961794
5.0	6.021115971430151
3.0	2.8051183295609414
3.0	3.112120745908167
3.0	5.098717849828583
3.0	2.5373142521077776
3.0	2.873327316086988
1.0	1.4146123260732721
1.0	0.5976528974346706
3.0	1.4348942000992213
5.0	4.5242204311854985
1.0	1.381883692313262
3.0	2.519752050998074
3.0	2.9287772168911532
1.0	1.555016356823765
5.0	4.271558338532004
1.0	0.7630160661539989
3.0	2.925046366240121
3.0	3.1059396312343805
3.0	3.177861999481599
1.0	0.127960812069443
3.0	4.130328719794865
5.0	4.344476457805322
3.0	1.5567800219776553
1.0	0.42594376055845695
3.0	3.679394134349815
5.0	6.159019638247161
1.0	1.163828144881853
1.0	2.7708600753143076
1.0	-1.0778828086041279
5.0	5.275588748961188
3.0	4.165014347736882
5.0	5.386148610045087
3.0	0.5765821624982577
3.0	3.1736349345369343
5.0	6.206256172825048
1.0	-0.31725831962070794
5.0	5.284317985998318
3.0	3.8464823773177876
5.0	5.315450829929159
3.0	3.5429407931308416
1.0	0.5525696150280299
1.0	0.5884434251308649
3.0	4.455831711055366
3.0	3.5561147644930213
3.0	2.2609019385555547
3.0	3.0750999760534063
3.0	3.125889576912228
1.0	0.5288461336967472
5.0	5.305554189969549
1.0	-1.0521414543045973
5.0	4.811730725305019
5.0	3.3552534184561447
5.0	3.979336619207612
1.0	2.1283856136201336
3.0	2.072253234997486
3.0	4.993210963498118
3.0	2.542464754891468
5.0	6.924931745139646
5.0	4.360046152761055
3.0	2.299086041691667
3.0	0.8899670178229324
1.0	2.16547976007965
1.0	0.8934959567319123
3.0	1.799659319053327
1.0	0.47375546334553154
3.0	3.135619290399674
1.0	-0.04066072449033342
5.0	5.120311747440875
1.0	0.8445080043033794
5.0	6.7207095108546335
1.0	1.1231070918513513
3.0	3.7948188725133116
5.0	4.837760195752444
1.0	3.2523501118275533
5.0	6.279176093620649
5.0	2.7999560257774445
3.0	2.997905477372983
3.0	1.4873465774690575
3.0	3.0899523174791987
3.0	2.284266601600919
1.0	-0.5566230332407682
5.0	5.293006667747467
5.0	5.478699812930959
5.0	5.529489164729818
5.0	6.442184113398365
3.0	2.6522079201564925
1.0	1.465035786890614
1.0	-0.38187516691654566
5.0	4.797287982266904
1.0	0.4822001567363309
3.0	2.7929471208064918
3.0	3.436669794394412
1.0	2.871997043449424
1.0	3.1214379686287685
1.0	1.616644444392302
3.0	3.423497294486382
5.0	3.8842055652034135
5.0	4.656659897690049
1.0	2.037550087723345
3.0	1.795639473115058
1.0	1.364090945936687
3.0	1.4396772674684346
1.0	0.837583942241439
1.0	1.6586118279127195
5.0	3.850559202712706
1.0	-0.7404888613201519
3.0	0.9606868829818809
3.0	4.136258918513947
1.0	0.7406270659775305
5.0	5.887513369438669
3.0	1.1320198040518057
1.0	2.757774041674542
1.0	-0.1551129602542256
3.0	3.3611535416550646
5.0	4.8864446006340385
5.0	5.593921581135154
5.0	5.985427232151191
1.0	-0.3670264506209491
5.0	6.109844062962219
1.0	-1.2235130165394117
5.0	5.725217449932615
5.0	5.7546220862421835
5.0	5.72919862798555
3.0	3.3942188964585434
3.0	2.1159888756636924
3.0	3.593389292330261
5.0	5.015478866527196
3.0	2.422168310374228
3.0	3.7098150740651894
1.0	-0.05332142873542489
5.0	3.054695107204667
3.0	3.4987814202144154
1.0	2.082016338628536
5.0	6.231321068005306
1.0	2.0072534255327072
3.0	3.0569950537583304
1.0	1.3187615213708623
5.0	4.756802002033855
5.0	4.845880161304895
3.0	4.075224167841769
1.0	0.39241195605816814
3.0	4.274794132759543
3.0	2.0432959431197637
1.0	0.7997765533080772
3.0	3.2966920206390964
3.0	2.512245548780201
1.0	3.2700359819326392
5.0	5.7530944113786
5.0	3.5906696630739594
1.0	1.0972088054574372
5.0	4.787249708580949
5.0	7.285239742331744
3.0	2.3403349897983365
1.0	0.390239667420914
3.0	2.6444947063442372
5.0	5.976773299616888
1.0	-0.7562242999324069
1.0	1.3384379486520634
3.0	3.1169692768777892
5.0	5.712844659297079
1.0	1.4619779848060495
1.0	0.4676957125165533
5.0	6.3152744791345725
1.0	1.0237481828700479
5.0	4.842421412290999
1.0	1.022963092669855
3.0	4.33513738416519
3.0	3.576626723465316
1.0	-0.1285270910539429
3.0	2.4111652324306805
5.0	4.451921567230917
3.0	2.4365318991588323
5.0	4.399446004027536
1.0	0.8960901644740888
1.0	0.10668180308278519
5.0	7.673745673429929
1.0	0.6598762252202595
3.0	2.967501290345804
1.0	1.6506618299882319
1.0	1.601034538618606
1.0	-0.14073892733678428
1.0	0.9087697857539118
5.0	6.666898386815704
3.0	4.086723760961064
5.0	5.155253894075476
1.0	1.0476656309678123
1.0	0.45083129532042
5.0	6.3008543143981015
3.0	4.09591965788911
1.0	0.22375968959796122
3.0	2.5353365936112535
3.0	1.8512955425374347
5.0	5.66177234319012
1.0	-0.27493053181611393
5.0	4.614032298507354
5.0	5.27948728338582
5.0	4.726903853434249
3.0	2.658396667295559
1.0	1.3565987162767605
1.0	2.471390699824041
3.0	3.3458232233849934
3.0	1.8039695444760548
1.0	1.35755756639275
1.0	1.9935682348011636
3.0	2.4800746285164106
3.0	3.43181585764799
1.0	2.7170553505002615
1.0	1.785407056248091
1.0	0.9362686545387895
5.0	4.625091602648731
1.0	0.021852105880121875
5.0	4.135634676057039
3.0	2.253576985509932
5.0	4.537736730122993
3.0	1.4954420877655052
5.0	6.435884786047319
5.0	6.640078151877569
1.0	1.174838637143231
1.0	0.03342812943540563
1.0	1.6304785034363616
3.0	2.054461701362658
5.0	4.008869545934816
3.0	3.597106743305609
3.0	3.651489494128754
1.0	1.4513113627465863
1.0	1.6830608856098888
1.0	2.283125488364263
3.0	3.429723486488501
5.0	5.160833044878515
3.0	2.393307931423724
5.0	5.5795657012924
1.0	1.762663085554588
5.0	4.1287136233320405
3.0	2.1552568467786397
5.0	5.375078177894716
3.0	2.7345418637929044
5.0	5.845028153866265
1.0	0.6073380873310499
1.0	-0.45314552297996125
1.0	2.107045929467852
3.0	3.9991957925037966
1.0	1.290436763625826
5.0	5.470403855964209
5.0	3.221350874485063
1.0	0.5649874901887144
1.0	2.6558428191602106
1.0	1.109668970729678
5.0	4.749220808785865
3.0	2.3779845950141505
5.0	3.499727135582397
3.0	2.8623606107362396
1.0	1.565140761629721
1.0	-0.525323929591619
1.0	-0.14536849832401044
1.0	1.4472532813850525
3.0	1.4164063034271477
1.0	0.241967592770174
5.0	5.928529537882275
1.0	1.2664784630478203
3.0	2.0106497205895604
1.0	1.0967042849689626
3.0	2.3831529241557687
5.0	3.454573479529195
5.0	3.7742934098833567
5.0	4.0697097936408255
3.0	2.9014128562561012
3.0	2.6442440207982227
5.0	5.697219552108138
3.0	3.3707591135000525
1.0	0.4339439496006592
3.0	0.5638995616367581
3.0	3.441628027768206
1.0	1.7476211421218906
3.0	3.1933277754930294
1.0	0.3515175046143595
5.0	4.97478092920849
5.0	4.67306830576221
3.0	2.1088315501018493
3.0	3.405217386882506
1.0	1.9922910998766699
5.0	5.948535908112624
1.0	0.0739573962971466
1.0	2.0234879446029046
5.0	5.465141995878702
3.0	2.4663189865053954
5.0	4.182738415996806
5.0	3.8742549001944626
1.0	1.4884241865488543
1.0	0.36543942137898744
3.0	1.6167677990142495
3.0	2.7797038376863914
5.0	5.031576758249202
1.0	1.303721378692192
5.0	4.381960246834413
5.0	5.072445473948206
1.0	1.272227029375086
1.0	0.36822218984695243
3.0	1.9192336344374963
5.0	4.856472380996506
5.0	4.397962645287172
1.0	1.2277668640716632
5.0	4.853236509377962
1.0	-0.6998476041222876
5.0	5.523007847292419
1.0	0.8169793240881671
3.0	2.748128092430778
1.0	0.7918384117907701
1.0	-0.4728443998297782
1.0	1.5949777001776675
1.0	0.048795817538185404
1.0	0.5866864005223458
3.0	3.150932231454129
3.0	3.0136383703707557
3.0	2.284664677812331
3.0	3.5958081118235636
1.0	0.1241643759945571
3.0	2.2591928508891037
5.0	5.2818902257943545
3.0	3.607260528225795
1.0	0.1694415517269514
3.0	1.8217455412464267
1.0	-1.875313647307841
1.0	1.8026768726541778
3.0	2.8598385080303106
1.0	2.3715971273661998
5.0	5.191405626455458
5.0	5.409802780449644
3.0	3.3547587562134247
1.0	0.978824985556461
5.0	4.905317162415593
1.0	1.1067509163839924
3.0	1.9984752037419777
3.0	1.8307727788315291
3.0	3.4299393443518333
5.0	6.4972276152339425
3.0	1.5698751703521125
3.0	4.494096469155801
1.0	0.8589907167290577
1.0	0.5876149354951666
3.0	3.1746595330088296
1.0	1.027220660936982
5.0	3.695504082071641
3.0	2.131159265085011
3.0	3.1398611312134324
5.0	6.0696148019235645
3.0	2.8489525799017215
5.0	3.9466474371669262
5.0	5.486204906165403
1.0	-1.4767270079905774
5.0	5.772068437518127
5.0	6.642987338448878
5.0	4.968445993051387
5.0	5.423488607721693
5.0	6.039712151900218
3.0	2.8438352313518704
5.0	4.3614652518076005
5.0	6.008140500085892
1.0	0.6955579635002771
3.0	3.139413441132441
5.0	4.632171594474163
5.0	4.6473572065498185
1.0	-0.15583095803758762
5.0	4.696511885097772
1.0	1.6542093171306527
5.0	5.776475339595106
1.0	3.092085595959115
3.0	1.8290663654463661
3.0	2.391143967422113
5.0	5.114344495378141
5.0	5.5700754033192625
1.0	1.7992816044189839
1.0	1.6941859636595935
5.0	5.282280564174734
5.0	8.503410065207017
5.0	3.1075812288147757
3.0	3.074345635302929
1.0	-0.8871298574905802
1.0	0.6302974537249109
3.0	2.861955203082899
3.0	5.3915324698685705
3.0	3.1468455523301007
1.0	1.324254264109328
1.0	1.1261912927320932
1.0	-0.11248096167371768
5.0	4.691984772989633
5.0	5.375293834278139
1.0	0.6510067965319444
3.0	1.8992337930817158
5.0	5.741074210930947
1.0	0.9110756894687273
5.0	4.489921607692264
5.0	2.438814817463702
5.0	5.36067218725568
1.0	1.8614171820426384
3.0	3.6380695718011737
5.0	4.353992547993503
5.0	5.334759995918229
5.0	5.839828477062227
5.0	5.4568859259940705
5.0	4.251557799518693
3.0	3.511548293944707
5.0	5.659739756522551
5.0	4.996136756688649
3.0	5.569378835789779
5.0	4.738260279327303
3.0	4.431910064286479
1.0	0.9752021951664653
3.0	2.8125014101612305
1.0	1.866008779083785
3.0	4.640676816990325
1.0	1.2965699502180286
1.0	0.7720525969202109
3.0	2.7000797317915044
3.0	3.769789068598899
5.0	2.9849062403711564
1.0	1.5795358956578895
1.0	0.43691337768223637
3.0	1.7633964471599688
1.0	2.3119658109524783
1.0	1.871178837147462
1.0	-1.6278636513136746
5.0	4.690580345383768
1.0	2.7329160429349706
1.0	0.5122098966051019
5.0	3.197114947574057
1.0	0.2516949021198456
3.0	3.8834822023408124
3.0	3.3555992463258524
1.0	0.6385850383100998
1.0	1.8915966502920583
3.0	3.8244536703020806
3.0	3.630739779153995
3.0	2.1133131383061876
5.0	5.279679641578561
1.0	0.6973495220277518
1.0	-0.6105909426996108
1.0	1.4347845720891208
5.0	5.256245335575686
5.0	4.71900030270927
3.0	4.018191093279546
1.0	1.3692228664665402
5.0	6.506654825693263
3.0	2.946246173568808
3.0	5.777874385232361
1.0	0.42999151454490303
1.0	0.443931740541475
3.0	2.7834759781546703
1.0	1.255184522620021
3.0	3.6355447730616293
1.0	1.4133383582684906
1.0	0.1510799440669961
3.0	2.6655083840522344
1.0	-0.6260501991248715
1.0	2.1674212649775715
3.0	2.5565968582418077
5.0	3.9888591942904297
1.0	0.2376141736732843
1.0	0.32648150158918343
3.0	2.383957775842593
3.0	2.545336010911477
1.0	1.5987127773842418
1.0	1.5322243735411907
3.0	4.050764003090778
1.0	1.7857050851370533
3.0	4.576129359212606
1.0	0.3926830164866776
5.0	5.460715671734262
5.0	5.059916251734047
5.0	4.84538392146923
1.0	0.2990415185386105
1.0	1.502712732271039
1.0	-0.6205353223327819
3.0	2.4212140931530324
3.0	3.269313778363329
1.0	0.48786764561006923
1.0	1.4021542104977156
3.0	2.665057953255239
1.0	0.3204791593064752
5.0	6.593680328516886
1.0	1.045161759061009
5.0	4.106090567503699
3.0	2.5498376654943193
5.0	5.580481722988933
3.0	2.5073457380817805
3.0	2.9783006584449923
5.0	2.752731695246162
3.0	3.9703691311585225
1.0	2.5019497974111946
3.0	3.193367377127251
3.0	4.33257423696968
3.0	2.6683802129628322
1.0	0.7259780924489561
1.0	1.3269287919052501
5.0	4.159662269248007
1.0	1.3249588874467695
1.0	1.8137979337834447
3.0	2.985032904911183
5.0	4.97090253884026
3.0	2.6975832912739097
5.0	4.481319450714335
3.0	3.519022221897917
1.0	-1.5554050483379953
1.0	-1.4906822999980518
1.0	0.5040556108402854
5.0	5.261686194870154
1.0	-0.6881490783973956
5.0	4.816616719102667
3.0	2.751882013993826
3.0	2.8663145846169336
3.0	3.595050231061783
1.0	1.6992348573651714
1.0	-1.378856158026624
1.0	1.3192364961197276
5.0	5.996219411582145
3.0	4.053654924971474
1.0	0.7076351726503443
1.0	0.373856189208456
1.0	1.8301920059311412
1.0	0.722488954064447
5.0	4.945647633329289
1.0	0.4933016249776373
1.0	0.964416661407995
5.0	4.481196069064568
3.0	1.2506062954533974
1.0	1.4534882341037059
3.0	1.786934401637482
5.0	5.4549261843410966
5.0	5.388617949159751
5.0	5.409852968797071
3.0	4.608813384777224
1.0	1.6261822377830737
5.0	5.794859896282654
1.0	-1.3778547704551434
5.0	5.445889842991035
1.0	2.0782914799304284
1.0	0.03004671579178353
1.0	1.9549369689037088
1.0	5.268496372403675E-4
5.0	6.1363906397507435
5.0	5.000696412921045
5.0	5.4667616054150034
3.0	2.850061447263464
1.0	1.0355147093728736
5.0	3.5149699106663
3.0	2.5802914074578975
3.0	2.8691676753987387
1.0	0.7455053783240506
5.0	5.196930599697351
3.0	3.3893243682084675
1.0	1.2380584639213326
3.0	1.9296454763598245
3.0	2.4184036961068065
3.0	3.124186273956197
3.0	2.4363684224571878
5.0	4.489098046258775
3.0	2.8555155452094363
3.0	1.8127619078460624
5.0	6.18359769382448
5.0	4.437269722502072
1.0	2.996962131348833
1.0	1.5168260891424667
1.0	0.42343379516389534
5.0	4.022926031074787
1.0	1.767565234612647
1.0	0.7489910073428079
1.0	-0.4531031591758643
3.0	2.1248704760119215
3.0	2.568009800291689
3.0	4.1658248033557355
1.0	0.34827193253930755
5.0	4.440232736948468
5.0	5.11425172278077
1.0	2.241546516925923
5.0	4.570836731788811
1.0	0.7360104949166699
1.0	0.6789105890249963
1.0	1.123956272009199
5.0	4.916340859463204
5.0	6.25190818387396
3.0	3.4700267964927187
1.0	1.8255935828162295
3.0	2.3870572650414603
1.0	0.5070724566711524
5.0	4.775746811299558
5.0	2.728760844555129
1.0	1.2364108826117413
1.0	0.47063592714921654
3.0	3.708138249066981
3.0	3.8884875335377047
3.0	2.9649485556673256
3.0	1.9814691606240038
1.0	0.8358868270365523
3.0	4.390145199041202
5.0	3.5329266993162864
1.0	1.1941130541422247
5.0	5.11398811683356
5.0	5.131835931750936
5.0	3.5049901178538243
3.0	1.1548128622206517
3.0	4.196228803268209
5.0	6.037740842803525
3.0	3.214947683702946
1.0	0.8353472432399593
5.0	7.162940919190802
5.0	6.202337038349985
1.0	1.0194805250606263
3.0	3.371599248408926
3.0	3.1234857583561957
1.0	-0.37919823168320543
1.0	0.9287308565831098
1.0	0.1082227801678769
5.0	6.537797313849762
3.0	1.6878233209368585
1.0	2.009659432739773
3.0	3.4426433756763766
5.0	4.6230973172359855
3.0	3.649745272117726
1.0	0.7710656417298867
3.0	3.082922930718174
5.0	3.7567933331781953
3.0	3.6363449391822193
1.0	1.2603791507448754
3.0	4.427879472372339
5.0	6.074427166845861
3.0	2.4450383784457035
3.0	2.0937642962369054
5.0	4.5584720438977655
3.0	4.481822694962084
3.0	1.4791517452351781
5.0	5.575240740567359
5.0	5.496385199489947
5.0	6.563825241510442
1.0	-1.873183960399046
3.0	4.037031313270858
3.0	1.4534172352254942
1.0	0.2344918484276879
3.0	2.5864392392401787
5.0	4.600760926236521
1.0	0.6823899117833732
5.0	4.580706273395152
5.0	3.7031519285560357
5.0	4.205183902321975
5.0	4.691713086755046
3.0	3.5258929198918842
1.0	0.10928844302723018
5.0	5.223158048963232
1.0	2.341950495930753
3.0	3.189363620766902
5.0	5.345101480477105
1.0	1.5617738735937183
1.0	2.836388023513658
5.0	5.971604938932148
5.0	5.85392842404906
1.0	0.24593798720522675
3.0	5.344960546395084
3.0	3.375716481834531
5.0	5.554168785204495
3.0	1.869493517069518
3.0	2.680169332010353
5.0	5.516058210718658
5.0	5.341170570752844
5.0	3.94153206954934
1.0	1.5171761575597384
3.0	1.3866048897690786
3.0	4.146873351080643
1.0	-1.2746597919361053
3.0	3.068617422071325
3.0	3.8712312210817847
5.0	5.5365325060511505
3.0	4.224359180563204
5.0	3.490705607301572
5.0	6.067336657744062
3.0	2.905407305795494
1.0	-0.9558614494442106
5.0	3.1465914192319184
3.0	2.0451294838163667
3.0	3.5332254256886984
3.0	4.095477970531133
1.0	0.5167353291435219
1.0	0.841981176491249
3.0	2.9629173042619303
5.0	5.257521669543788
5.0	5.152836492959537
3.0	2.825380813585869
5.0	6.526758061509943
3.0	2.7481000387406334
1.0	0.537738502090289
5.0	4.584772660088994
3.0	1.4136024210625453
3.0	1.5782762878107979
3.0	4.502206335343752
1.0	1.2420899375773213
1.0	0.7692142443127118
5.0	4.494662588014172
5.0	6.004541962296798
3.0	2.4550670468600364
3.0	3.638410632534315
5.0	4.9895188744292405
3.0	5.4196519926729625
5.0	3.960657113908273
1.0	0.4809418726650604
3.0	5.558924769658912
5.0	2.0436851998571792
3.0	3.366495401237743
3.0	3.8668151613078345
5.0	5.807561384245289
5.0	5.809208348841433
3.0	2.2075321657093117
3.0	1.1948870517073038
3.0	2.146382862218571
3.0	3.469844520608885
5.0	5.8835188346949545
3.0	2.7273090431776934
5.0	4.346013609693243
5.0	5.873175187835221
5.0	4.130004112076149
5.0	5.617592146032607
5.0	3.937929727815839
3.0	3.2855861892126192
5.0	4.5607838627231
5.0	5.2804265545926
3.0	2.7132526117593865
5.0	6.844814850652535
1.0	-0.34405503146361904
1.0	2.163959277597331
5.0	4.499422026511274
3.0	2.2173060901890542
3.0	3.25763126899143
1.0	1.6663298518147565
1.0	1.3334931781096262
3.0	3.033155102057608
5.0	4.978117423590497
3.0	3.28377948561868
5.0	7.391405858621492
5.0	5.692359594158485
1.0	0.2731850080429631
5.0	5.330272988398774
1.0	0.6153663485251064
3.0	3.3297451825757407
3.0	3.4709497929027493
5.0	4.658870056303376
5.0	5.004484466458927
3.0	2.5293646890724637
3.0	3.698296814857127
3.0	3.1679042675685127
1.0	-0.5995665689582956
3.0	2.706760317850322
1.0	1.004307282635864
5.0	5.398516304283106
3.0	1.5508445272872804
3.0	4.845942240413774
5.0	4.512066303511249
5.0	6.129894304284238
3.0	1.302798210522421
5.0	3.932745551131452
3.0	2.942052551640609
3.0	2.7955909062171633
3.0	2.239527747368416
5.0	7.023704642586035
1.0	0.818143581607689
5.0	4.924233284383091
3.0	1.7200896416635894
5.0	5.022071104272212
3.0	3.338089282153546
3.0	5.188567469107033
3.0	2.546084021027288
1.0	2.611854417355276
1.0	1.7214173765942706
5.0	4.073325567517739
5.0	4.819038815468045
5.0	5.1839210906347875
3.0	2.8189945615571093
1.0	0.5167541377203586
3.0	3.473515776472944
5.0	5.8647362729208234
1.0	0.5516056784355179
1.0	2.4855555712502193
5.0	4.452393262383303
5.0	5.2816587029216855
1.0	-1.3833854250782642
5.0	4.751262279024321
1.0	0.6597123543054195
5.0	3.5305023037535337
3.0	2.0978920383410546
3.0	4.261273571850209
5.0	6.474435691959428
3.0	2.950300998058404
5.0	5.214195719337288
5.0	5.636054457490868
5.0	4.559598803928471
3.0	2.9014939867463627
1.0	1.9809506894406526
1.0	0.34900636056353185
3.0	3.000610936836042
3.0	4.815637751011531
5.0	4.604393026914126
3.0	2.051664586336626
5.0	4.891819546732074
5.0	5.103670675111113
3.0	2.156305709411255
3.0	3.370413070738718
5.0	4.736668194496422
3.0	2.1493280721562265
5.0	4.587041675797554
3.0	2.6456008364852512
1.0	-0.5026034725941368
3.0	3.0101088525778916
5.0	5.685861470498172
1.0	1.6946194531212022
5.0	3.650489890826166
3.0	4.767085736065535
3.0	2.0841303722931883
3.0	4.00626391610621
3.0	2.778111350059734
5.0	4.633654643994403
3.0	2.1431720221574553
5.0	5.394114045442503
5.0	4.495524985721644
5.0	5.4780171214180555
1.0	1.3973361818773213
3.0	4.351971911642381
5.0	4.570987846409329
1.0	-0.37714484335299847
5.0	3.843242564506342
3.0	2.902944464664611
1.0	1.1880520980143476
3.0	3.02622944057333
3.0	2.658457444376439
1.0	-0.1388476297351342
1.0	-0.9361507503134525
5.0	4.983101133352333
1.0	1.6883345245906272
3.0	3.929587990479527
5.0	5.954363579224675
3.0	3.2780188231487553
1.0	-0.16745273852792875
3.0	4.5028660451055895
1.0	1.2478082713655725
5.0	4.08247461556884
5.0	4.3227990292050125
3.0	1.9625276463220491
3.0	2.670521148904744
3.0	2.877338600654399
3.0	2.253230411052052
5.0	4.21231082529304
3.0	1.6589052677879346
5.0	5.068070769206011
5.0	4.776230708459885
1.0	2.082483245451332
5.0	4.8371791147080305
5.0	6.143314237548554
5.0	6.299761892609247
1.0	2.0638248503511187
3.0	3.478994392510215
3.0	3.0835862405747108
3.0	2.7355924530410904
3.0	3.4346682091794456
1.0	-1.1965935770803418
5.0	3.8144981463721956
1.0	3.5091976923234514
5.0	6.920980283292744
3.0	3.1993852482965353
5.0	8.184453542670035
5.0	5.539151414118503
1.0	2.737795923397185
3.0	3.184212142655161
1.0	2.107879576475111
3.0	3.026027356679921
3.0	3.8809602226525293
5.0	3.650658338869818
5.0	2.5355302486816336
5.0	5.36056426249014
1.0	3.179536088836275
5.0	4.576568024433372
1.0	0.36254114658492786
1.0	-0.17136124380632634
3.0	1.819843903401045
3.0	1.045659882042023
5.0	5.1411892159092005
1.0	1.6214895133682705
3.0	3.130995154444465
5.0	5.437386362388433
5.0	4.813615367992187
5.0	3.8406984717298203
3.0	4.407925616845355
5.0	5.597259496138447
1.0	1.4940295878938823
1.0	1.6142587944744333
5.0	3.658429835783706
5.0	2.851659097293986
1.0	-0.33740017227039987
3.0	2.5152333540416434
3.0	1.746814996632042
1.0	-0.10775634547953872
3.0	3.5700565274284615
1.0	2.2776011786745016
1.0	1.3048473353786787
5.0	3.905732442086938
1.0	-1.8405576024421824
5.0	4.43496512886587
5.0	6.42568721114505
5.0	5.044868631442719
3.0	3.0856411572567275
1.0	1.3086743457339818
3.0	2.9038826986505994
1.0	1.2871071068734266
1.0	1.7441346598155287
5.0	5.957447526559928
5.0	5.410043607202644
1.0	1.2107827615035285
5.0	5.007769489989205
1.0	1.5787457779725007
3.0	3.5864200223633595
3.0	3.904749257774124
1.0	1.4954839414519394
5.0	4.026908685089636
3.0	3.3376341980585185
3.0	3.0440189344403294
1.0	1.3535878176748364
3.0	5.2031562689176685
3.0	2.6074666035883216
1.0	0.6980025468390899
5.0	4.97024857260538
3.0	3.1031387551595317
3.0	2.417465429704567
1.0	0.00733317629468111
1.0	0.06893346076060747
5.0	6.452989762033597
1.0	0.81216844352675
1.0	1.2735243890284433
1.0	1.0589761229296404
3.0	3.4660912753461286
1.0	2.4281319203167695
3.0	2.3076444583232067
3.0	3.2119053119712797
5.0	3.372186749549447
3.0	2.827580936184203
5.0	5.8673581011026155
3.0	3.5338886038034802
5.0	4.2988069479842315
1.0	1.6101810835476127
1.0	0.29475537040165933
3.0	1.8196044480545706
1.0	0.6210672405132251
3.0	3.0783113018908295
3.0	3.507721836570413
3.0	3.009252802807459
1.0	1.9196975678112311
1.0	-0.2414967062907214
1.0	0.5993217669268295
1.0	-0.7185582195168989
1.0	-0.4748199493127834
3.0	4.56562741568642
3.0	2.227636042090487
1.0	-0.5090665702075547
5.0	5.899530240498965
3.0	2.1562230913167744
1.0	0.862157954908712
1.0	0.5609925256893304
5.0	6.513133948311735
5.0	5.39344727271352
5.0	5.820820078455705
3.0	1.2980716111447201
3.0	3.6184928587026812
3.0	4.860354235909382
3.0	3.393305946955331
1.0	1.280337238744922
5.0	4.603936332586223
3.0	3.871176970635691
1.0	1.4741000803649649
3.0	3.3739447672817686
5.0	5.816643716408127
1.0	0.2872441907744383
3.0	2.5530428987937
5.0	4.868773474213609
1.0	0.47472509868164214
3.0	2.5940822737141866
3.0	3.8297125111056047
5.0	3.3943957297908653
3.0	2.198462227951807
5.0	3.576266915132921
1.0	0.31657689674078926
1.0	0.8453910265542692
3.0	3.060340012095422
3.0	3.5419644995306583
5.0	5.732713533764739
5.0	4.694563848372957
1.0	0.6527267567747363
3.0	3.485337140589971
3.0	4.022841217978408
1.0	0.1501209492919856
3.0	3.3877545981480175
3.0	2.8889665500957444
1.0	1.0546419102337283
3.0	2.476242853563788
3.0	1.4590558043204265
5.0	5.345072464658228
3.0	3.07040355692616
1.0	1.3823167796032814
5.0	6.368784871378944
5.0	6.193678022145753
5.0	4.175296358156942
5.0	4.291662822579983
3.0	1.9171511619550587
1.0	2.1022178402955545
1.0	1.3786318805876208
3.0	1.6491671112607278
1.0	1.1274354689917965
5.0	4.713514091247939
5.0	4.764741709035513
1.0	0.34576265819834273
5.0	6.1609347526488545
1.0	3.117894171417497
1.0	1.969286812286739
5.0	4.64750315375264
1.0	0.17231747445292367
1.0	0.3908241512155898
5.0	5.3896576428998735
1.0	0.90317681111447
3.0	2.9942741204723946
1.0	1.7075910207706326
1.0	0.5391333234165538
3.0	1.980862267647881
3.0	1.6130485030438113
3.0	2.377435080996566
1.0	1.5453111345671928
1.0	0.061719506582046724
3.0	3.6866938319476072
1.0	0.5643669770393027
5.0	4.729295461698799
3.0	3.1532463036390044
3.0	2.7967933717252804
5.0	4.0060586038279835
1.0	2.642772231518676
3.0	3.5200996991567965
5.0	6.1214110287032035
1.0	0.4953365011035965
3.0	2.7011884349557924
1.0	1.885598057454966
5.0	3.659875530784039
3.0	2.1544541046214514
1.0	-0.5362562484365729
1.0	0.4689614685114961
3.0	4.662519683781328
1.0	0.820062930752124
3.0	3.731589097310735
5.0	3.652146688137652
1.0	0.6595443708415824
1.0	-0.02885040921871118
1.0	1.2541227284202188
3.0	4.089088434532962
3.0	2.859664953606767
1.0	-0.07645253637552951
1.0	0.42352796894535116
5.0	4.064766503451288
3.0	1.921995170046768
1.0	-0.2033471221502572
1.0	1.6155491776029138
1.0	2.4577816591343082
1.0	1.9844598030399996
3.0	2.9879607530585566
1.0	-0.13488380643061837
1.0	0.45498199519651517
3.0	1.9617739277925303
1.0	1.4212666193660972
3.0	2.102090433636896
5.0	3.492801545873718
3.0	2.142460797252829
1.0	1.5599739808929143
5.0	6.555670866955218
3.0	1.0468274842278926
3.0	0.6201641693463951
1.0	0.8139127572390069
1.0	1.3482788042163614
1.0	1.3896397694391949
5.0	3.4028630724212947
5.0	3.0573964233472157
3.0	3.2677401472099405
5.0	1.825496329398343
5.0	3.954632040298855
5.0	6.056253875769908
3.0	2.9516010441929392
1.0	1.9497981588415056
5.0	4.332516950873474
3.0	2.3782966116037803
1.0	2.634789780287199
5.0	4.637928528698458
1.0	0.7023260444054464
1.0	2.694866388671981
3.0	4.178709892715021
5.0	7.161891730742042
5.0	5.875060153395869
5.0	4.782622680153358
3.0	1.9457292094343666
5.0	7.025383002729827
5.0	3.0905422130775353
5.0	4.399573147031039
5.0	5.316275887968318
3.0	3.1905007164682546
5.0	4.670783713755054
1.0	1.2720996245415355
1.0	-0.07410426165054917
1.0	1.3350490618108677
5.0	5.344590734775274
1.0	1.295108118638888
5.0	4.47450634048693
1.0	1.1757555231304582
5.0	4.792638594127596
5.0	5.468243773233311
1.0	-0.599567711524299
1.0	-0.16286517286059565
1.0	1.6463117995063068
5.0	4.967026433267288
5.0	5.426691518447061
3.0	2.2376607790696155
5.0	4.875306171543752
3.0	2.864129391149213
3.0	3.6417096280074452
3.0	4.29184349786022
3.0	4.111773720065204
1.0	0.9632946607722791
1.0	1.1000514000375283
3.0	3.6348788151630194
3.0	2.9037981729305145
5.0	6.147059168163921
5.0	5.239781778245334
3.0	2.03526403090014
3.0	3.0469486034071953
1.0	2.012873212312364
3.0	4.263529088434854
1.0	2.0202212589296957
1.0	1.0011178691146514
3.0	3.897544260757415
5.0	5.3358862865321
3.0	3.019261082667099
3.0	2.3425664077328268
3.0	1.7274380443589605
3.0	3.337702635650618
1.0	1.3200938958329984
3.0	2.311994655406331
1.0	0.36720676524521445
1.0	-0.5850655686378534
5.0	4.291639973600473
1.0	0.7316227887579709
3.0	2.6298420655161325
1.0	-1.2351050959846361
5.0	6.149259125060141
5.0	5.114747644911722
5.0	4.033660327786422
5.0	3.3123006194375435
1.0	1.092512422418815
1.0	0.8639961198623525
5.0	2.9749285939178973
1.0	0.9795712637309776
5.0	5.604430458192457
1.0	-0.2659278543877568
5.0	5.125198109309745
1.0	1.021339804176395
3.0	4.772962730568313
5.0	5.2104609388906615
1.0	1.954646051926931
3.0	3.4779526338753106
1.0	1.4926541505722764
1.0	2.041352180567947
3.0	4.235155590809471
3.0	2.4307347882428227
1.0	0.11111734175696064
5.0	6.735643247635402
3.0	4.972588084488266
1.0	1.647271566348088
5.0	3.8635860991928794
1.0	-0.5516340804768594
1.0	1.063875789489401
5.0	5.930872396979644
5.0	5.206394664278827
3.0	2.0700122879848415
5.0	5.06205936436534
1.0	3.099740261598926
5.0	5.7382139626441475
1.0	0.9619546692838945
3.0	4.304569914618098
5.0	2.5555580893978784
3.0	3.9030484135475736
5.0	5.490810802228468
5.0	6.203901799023324
5.0	5.266243715967599
3.0	2.3826918786882225
3.0	3.008071980775994
3.0	1.71087448606378
5.0	5.580912752166176
1.0	-0.03557939730714166
1.0	-0.04813569632240089
5.0	4.8059759640435695
5.0	7.132814235192184
5.0	5.6189882403614
5.0	3.7477805641408324
1.0	0.4670515385169973
1.0	-0.44552323134722505
1.0	1.6349417180787178
3.0	3.6943331096478236
5.0	3.0157664221469993
3.0	3.8604430982947995
3.0	2.436926625924073
1.0	0.7114200519362355
3.0	3.5025531531204974
3.0	2.98019878975218
3.0	3.4689495190040605
3.0	2.6071474534811396
5.0	3.6087316293463063
1.0	2.9603245471079784
5.0	4.874282880699262
5.0	4.1072861043678985
5.0	5.266897982973665
