Gaussian Generator(1.0): mean=1.0,stDev=1.0
Gaussian Generator(2.0): mean=2.0,stDev=1.0
Gaussian Generator(3.0): mean=3.0,stDev=1.0
3.0	3.9382534730189285
2.0	2.433227079534925
2.0	3.940619955569672
1.0	0.2737808414853846
1.0	1.0062172277074328
2.0	3.9796143068874814
2.0	2.362626453316087
3.0	1.6674824200681249
1.0	1.060574003465303
3.0	2.563137967161902
3.0	1.9534877031083508
3.0	3.080223577638216
1.0	2.129672910136919
3.0	0.9964871758067595
2.0	1.701598350327779
1.0	1.2835305322527057
1.0	1.3622277467446826
3.0	3.674131330269525
2.0	3.464073920946465
2.0	0.7232508981471826
3.0	4.506458954245807
3.0	0.9852833760565618
2.0	1.9505442322305444
3.0	2.0410682861033114
3.0	3.7934963328355504
3.0	3.8987037084506078
2.0	2.7234002477441046
1.0	1.2859193995217737
3.0	4.438561687725662
1.0	1.0423060335417307
3.0	2.8758292635986615
3.0	3.347362417698527
2.0	1.3994988329349152
2.0	2.907224734652706
3.0	0.8367724066869098
1.0	1.5566752145226692
1.0	2.11404607428367
2.0	2.4357018018539223
1.0	1.146662351336999
3.0	4.056040359280939
2.0	1.9189838317608139
1.0	0.3005738153269375
2.0	1.4927535990613185
1.0	1.2150497731072345
3.0	2.876913417056476
2.0	3.166585479336286
1.0	0.8835408749267083
1.0	1.3614078740777178
3.0	2.4414499470937887
2.0	3.332597704346834
3.0	2.134881989711556
2.0	-0.7478617992798879
3.0	3.244763935330038
3.0	2.302298506640709
3.0	0.9253509052589655
1.0	0.6294781484416936
3.0	3.0687637062832787
2.0	0.35293164916570907
1.0	-0.07830866906021527
1.0	0.2557002315570358
2.0	1.9341938335460092
1.0	0.2884087758694356
3.0	3.20166507506495
3.0	3.946118821667508
3.0	2.94443625720339
2.0	1.5473103521296157
2.0	2.267913887947607
1.0	0.8916072171497456
2.0	2.325616817272934
3.0	2.922729726123397
3.0	3.7164085551222588
1.0	2.804295579618553
3.0	4.567576991405347
1.0	1.3488869174786924
3.0	4.332647451511566
3.0	3.8935138163353407
1.0	1.5854257038707922
3.0	2.8521969778753378
3.0	2.53865972859436
1.0	0.4603700880005249
2.0	2.7115510593857755
3.0	4.200672263588219
3.0	3.0420158223282843
2.0	2.8708338924140615
1.0	-0.2047743118397678
3.0	4.154404318346128
3.0	1.0809088074101116
2.0	2.172834143248182
1.0	1.342081642375162
3.0	3.169103145895598
3.0	3.12161181984747
3.0	3.8962445698437302
2.0	1.3314977318650545
3.0	2.9083749810542288
2.0	2.8780548614580077
2.0	2.812057021505195
2.0	1.1730176562851375
2.0	0.2153892538847464
2.0	1.8431472796317232
2.0	1.4715054966706198
2.0	0.7660093559306065
2.0	2.421489459153909
1.0	0.6782486308647324
2.0	2.5054936201380062
2.0	3.7501471965724025
3.0	1.9323462476564783
1.0	1.2867109279914979
2.0	2.2619245506873717
1.0	1.2656780703789332
2.0	2.954905029371398
3.0	2.2197221504351625
2.0	1.9281038638399821
1.0	-0.30603824459196494
3.0	3.6812295405186988
1.0	1.2858186340242381
2.0	1.963006098660357
1.0	0.8389633206428231
1.0	2.3527309822463423
1.0	-0.6875232428672677
3.0	2.3401332150657543
1.0	0.8995798442490902
3.0	3.359019266359506
2.0	1.5486822006765446
1.0	-0.08642863098994957
3.0	3.993201158943026
2.0	2.0516464077225227
3.0	1.932029499573868
1.0	0.9530194722746588
1.0	0.9822471940711377
3.0	4.2338408600777315
3.0	2.2116522919646364
2.0	2.693985090309574
3.0	3.8828755044940677
3.0	3.764945368219207
2.0	1.8621418181491418
1.0	1.2038878180930388
1.0	0.15295908196555064
2.0	2.2765059748781766
3.0	2.6456732557517606
2.0	1.1763325163001666
2.0	2.943064102004244
1.0	1.1886567615068513
3.0	1.945316144423641
2.0	2.396954260874352
2.0	2.5718479418722184
2.0	1.1878281890083
1.0	-0.3079933166794828
3.0	2.4000394205881843
2.0	0.6747003833096596
3.0	2.831072583468662
1.0	-0.038875429940593564
2.0	1.1983054685015082
2.0	1.0268939227830673
2.0	2.5163580925545768
2.0	2.6144348768623487
2.0	3.0438937504359127
1.0	0.12103743923698396
1.0	-1.0355136386289363
2.0	0.353044678366343
2.0	1.779701090525268
1.0	1.234466092305226
1.0	1.6578518634268602
1.0	-1.6871806555181679
1.0	0.9181665932997125
3.0	2.313392345144645
3.0	4.224979388901547
2.0	2.198387871845913
1.0	1.1713464216410472
3.0	3.233217449424026
1.0	-0.31446304673331915
2.0	2.605678302217017
1.0	0.5172255763841034
3.0	2.5818043117883755
3.0	4.558723842877741
2.0	1.8932422736951207
3.0	3.2350921032053264
3.0	2.88029582714663
1.0	1.2744237147754223
2.0	-0.5037713710776126
1.0	-0.37836166555858575
1.0	1.9993905280160726
1.0	0.36991963341762035
1.0	0.6842472475456319
2.0	1.6512883418155084
1.0	2.1155910583486204
2.0	1.8395481159416156
1.0	0.14241446930291268
1.0	1.8228162265922734
2.0	1.8685687403096976
3.0	5.190238082500894
1.0	1.7258367711947744
3.0	2.3336872456488154
3.0	3.736710530747574
2.0	0.7045526066883065
3.0	3.8705065170135997
2.0	0.73524904238589
2.0	3.7158976440860343
2.0	2.2312596757275247
3.0	2.614953439604807
1.0	0.11782359518900831
3.0	1.358736992627511
3.0	4.8496129874924065
1.0	1.492657838885447
2.0	2.3674528499904137
2.0	2.354243060371727
2.0	2.3037994533250736
3.0	3.0221252052632464
3.0	3.677345531905921
2.0	1.819814923778056
2.0	2.25851227750599
1.0	1.798677207435897
3.0	2.847306837451242
1.0	-0.8916570790018636
2.0	1.5701631583695856
1.0	2.752422630931971
1.0	1.0275289903669487
2.0	2.6855721884832153
3.0	1.662508924169702
1.0	2.301550081111219
2.0	0.9774628124833966
3.0	3.903778405612191
3.0	2.827019088292
1.0	0.8220665731369889
1.0	0.7946738133915503
2.0	1.9106874149426778
3.0	2.8437136266009
2.0	1.4579281443455698
2.0	2.009228104512841
2.0	2.627213261171776
3.0	3.068985278245899
2.0	2.579439777718776
1.0	2.2796699865419683
3.0	0.9020267454196671
2.0	3.047260642004516
1.0	1.8443898159188723
2.0	1.545932117768796
3.0	4.302184913305354
1.0	0.17972705651649168
3.0	4.452601704615171
3.0	3.6475011470082706
1.0	0.3680904397650986
3.0	3.5069960040105403
1.0	1.3094768151651754
3.0	3.4200201216731054
3.0	2.6184716229816836
3.0	2.451434443947236
3.0	4.506111001577917
2.0	2.8424511745228997
3.0	2.0357348282867824
3.0	2.643137914289663
2.0	2.7551618671329416
1.0	0.6810970793810184
3.0	1.2096090972794478
1.0	0.4829952376018767
2.0	2.149597772003129
1.0	0.37631326047820746
3.0	3.6272574981589245
3.0	2.3882838424224264
3.0	2.899313759320339
2.0	2.090054248259277
2.0	3.316396120928437
2.0	3.4440554003191397
2.0	2.3363749359596513
2.0	1.6132191973155439
2.0	0.2672213010014155
1.0	1.9301116522956958
1.0	2.0188364687840537
2.0	2.606185769632848
3.0	3.500160578424665
1.0	3.490761004614519
2.0	2.395545764136543
2.0	1.3756247299887088
2.0	1.6139711445161904
3.0	4.916762415203777
1.0	0.69560997560037
3.0	4.6328090939839335
2.0	3.41359940142074
2.0	3.420077789751373
2.0	2.0959922881467863
3.0	2.655260184999257
1.0	-0.5650855401018704
3.0	4.968139396147304
3.0	5.259547117061675
2.0	0.48634410942177797
2.0	1.8779807418428116
3.0	3.793189708960715
3.0	2.2927513039076453
3.0	2.5711792488432743
2.0	0.388960865745793
3.0	1.9674293992702778
2.0	2.2858298935546837
1.0	0.43469920920914884
2.0	2.828105868155661
2.0	0.6350721610380896
2.0	2.1374648246360652
1.0	1.818804987628533
3.0	1.638777106973563
1.0	0.41271755339000804
1.0	-0.4725479441756979
2.0	0.9972301962135355
3.0	3.5054233087336097
1.0	2.757583821545103
1.0	0.5527332428722175
2.0	1.397864904876907
3.0	1.6583633715561361
3.0	2.456331570368462
2.0	2.0325268158375516
3.0	4.514300664125571
1.0	1.1552028036474302
1.0	0.6214993343671925
2.0	2.0757784322862873
2.0	1.909407961127076
2.0	1.3186912530976518
1.0	0.7181521479375637
3.0	5.38993998502547
3.0	4.022032803883917
3.0	2.0333270364860314
1.0	2.4010238954145837
2.0	3.0282282664720563
2.0	2.5310596839114163
1.0	1.5831086183079666
1.0	1.287900137518145
2.0	0.10980222566527531
3.0	2.3407284795438255
1.0	1.2694396981923555
3.0	2.918225284536483
3.0	2.348687586101531
1.0	1.8689689644645107
3.0	3.835399904944388
2.0	2.9271119129282464
1.0	-0.3844466096932382
3.0	2.620649333833273
1.0	0.6360583257237982
2.0	-0.7373973746748934
3.0	2.732146258449241
1.0	0.8135088072140423
3.0	2.082560269940358
2.0	0.7768872912782838
2.0	2.6511248901711992
3.0	6.277104343995756
3.0	3.0094387268254534
1.0	1.399619595479479
2.0	2.191027425325778
1.0	0.5019848739985426
1.0	0.3081180220483245
1.0	0.9202149513322675
1.0	1.2287997323708888
3.0	2.6271646122001937
3.0	3.445961137873337
2.0	2.245172024891705
3.0	3.703122312846447
1.0	1.0493660127529374
2.0	2.546975338714536
2.0	1.267465220634501
2.0	2.4897416678370634
1.0	0.8009983442172164
3.0	1.9491044975146792
1.0	0.788633241655988
1.0	0.9062606005898847
1.0	2.2504748674852157
2.0	1.4456023121308026
3.0	2.3264755306157405
2.0	2.22178582531156
3.0	1.2735600978562507
3.0	1.5236627138501537
2.0	1.7820945615393782
3.0	3.4592107509885004
1.0	1.0965446334828526
1.0	1.5018728366276586
2.0	2.654793819782772
3.0	3.0695576499853336
3.0	4.397827437541024
3.0	4.4420344166071875
2.0	2.087536106407024
1.0	-0.3403128859281026
1.0	1.5310288840823516
3.0	2.601864599970156
3.0	2.4767268471907657
1.0	0.21282222237411397
1.0	-0.19748725939568557
2.0	1.8581859600761987
1.0	1.1580004426879018
2.0	0.7395016378598245
3.0	3.1798354087037533
3.0	1.9193347814979307
3.0	3.094614088622052
3.0	2.283188398079576
2.0	2.418490804691796
1.0	-0.31122301408046527
1.0	-0.67343654321164
2.0	1.3462227092139338
2.0	2.6491364228810506
2.0	2.1526701973818207
2.0	1.4401254550968914
2.0	3.4441858887664747
2.0	1.2562875532236641
2.0	1.2743299166216413
3.0	4.289751210643567
3.0	1.8267747774258118
3.0	3.2299305592260916
3.0	3.08844226675737
1.0	1.1277388870134213
1.0	-0.7767938307391957
2.0	3.9267932410448667
3.0	2.099151930683205
1.0	-0.2682018394105381
3.0	1.0871559053324946
2.0	0.8181579415018585
2.0	1.4278017719779559
1.0	3.6193353815808864
3.0	3.5688933521624815
2.0	2.3745718102353086
1.0	1.0270513349595702
3.0	1.4031607542316848
3.0	1.795669213579045
2.0	1.2757424625052125
3.0	3.913091279171622
3.0	3.202366241039362
1.0	1.8819949991747067
2.0	2.243759102257718
2.0	2.6839180092524493
2.0	1.593975689330869
1.0	-0.25489734747026205
2.0	2.103426242106006
2.0	2.725465472269601
1.0	0.7914568071767563
3.0	3.9893327051875906
1.0	0.639032348220102
2.0	1.9956843132816742
1.0	0.5219398796844985
2.0	2.791754757983164
3.0	5.47632237018453
3.0	1.0656776441509925
1.0	-0.2763919568531401
3.0	3.352795186159633
1.0	1.0197381092849105
3.0	4.442999779468046
2.0	0.86017146428254
3.0	2.464820730408409
1.0	0.08827490418496708
2.0	1.5809233235807014
3.0	1.9826218936572026
3.0	4.273607422529359
3.0	2.55154039264307
3.0	2.8115135010832617
2.0	1.4380168359282237
1.0	0.4074939260235789
2.0	2.571615054362714
3.0	4.331751375531297
3.0	4.14110779999103
2.0	2.2213905164211574
2.0	1.490486517123501
1.0	0.9465245631287257
1.0	1.1220646112867891
2.0	3.1765119450632615
1.0	0.9893958559837742
1.0	-0.12685235565276942
1.0	1.7500946689318744
2.0	0.6260303377494361
1.0	1.3311243412845497
3.0	1.7384758034882173
2.0	0.9792817860594587
3.0	2.303655375605052
2.0	1.4106762725573532
1.0	0.2625785383004191
1.0	1.266357757486702
1.0	0.1446961553260082
1.0	2.4704445414705116
3.0	3.170926604723887
2.0	3.4765753152623917
2.0	1.4056088980024146
2.0	2.0647782107149597
1.0	1.197170141998485
1.0	-0.0237240648911079
2.0	1.4748773432698292
3.0	2.2389853928885133
3.0	3.5828364998224433
2.0	2.3588326104287707
2.0	0.1411341925222569
3.0	3.6440022784202126
2.0	2.5823008780895185
3.0	1.2549004789297649
3.0	2.3709544136002227
1.0	0.8695333098347331
1.0	3.1530997418336217
3.0	4.03136006786352
1.0	0.13241972929765355
1.0	2.558296468136639
3.0	4.417708602679122
2.0	2.023111349188162
2.0	0.6476025424250949
3.0	2.829722276240326
3.0	2.184659565665532
2.0	3.1513521356933984
3.0	3.5968930501957823
3.0	3.2355420947679767
2.0	4.403103975569586
1.0	-1.0254260033254128
2.0	0.6982859762299989
2.0	2.324603823345021
1.0	2.1581278106504564
2.0	1.0075125816820942
3.0	2.191062158465003
2.0	2.592952240276381
2.0	2.0804822604860593
3.0	4.9490897644264304
2.0	2.764465634108266
1.0	-0.1461520173280979
2.0	0.9819096672286576
3.0	4.1725775989631515
1.0	0.8916441738283423
2.0	1.0153747523663155
1.0	1.3979109130974385
2.0	2.3453333634973577
2.0	1.5828311790982281
1.0	0.41782160833405835
1.0	1.04291104780856
3.0	3.5295794115894763
1.0	0.35386404247522896
2.0	2.8809371585308665
1.0	1.1937635567355032
2.0	2.9118388432015014
1.0	1.1656953458331052
2.0	2.605009804215627
2.0	1.4321947562884054
2.0	1.4642946927172193
3.0	4.789437238405924
2.0	1.6832171776276081
1.0	2.024046986609922
1.0	-0.12132823846402796
2.0	0.8517023366100591
1.0	0.5190438582167554
3.0	2.854833715559794
1.0	1.4023102543472485
2.0	1.925971350280656
2.0	1.5265252329935557
3.0	3.8485485523410734
3.0	2.1772183952593607
1.0	2.6802129655864055
1.0	0.29970324430328177
1.0	1.5054493401414093
1.0	1.8246162479633665
1.0	0.22865647958139124
1.0	3.3451333606825546
3.0	2.919962653909759
3.0	3.126548771621299
2.0	0.8328604201473198
2.0	2.4841195991048286
3.0	2.661328116063708
2.0	2.161769028836172
1.0	1.6765937587631936
1.0	-0.3087771839180522
3.0	3.040905247735956
3.0	1.4714873830039008
3.0	2.2579072580348165
1.0	1.440770855647078
3.0	4.654178449863856
1.0	0.9361818842494898
3.0	2.3734864115188796
3.0	2.9991089466858245
1.0	0.9384593074063787
3.0	2.0210810903688823
3.0	2.723100208197879
3.0	3.491979682804236
2.0	1.4429575926394773
1.0	1.2767259155003507
2.0	1.200237314539851
3.0	4.180038662060723
3.0	4.212677069961084
2.0	2.4396683194867412
2.0	0.07050080320477048
2.0	2.0602690494498015
3.0	1.092973211686901
3.0	3.389785233746144
1.0	0.7414642723495245
3.0	4.322328088822339
1.0	2.460475979735336
3.0	2.902259481552463
3.0	1.2567839071831763
3.0	2.2749833079739727
2.0	2.4391370778988612
2.0	1.9018067189126149
2.0	2.096537237940525
1.0	0.4456690587644576
2.0	1.8395443280738881
3.0	2.4207084981761637
3.0	2.890205133577753
3.0	3.8240471765569986
1.0	1.245287261978717
2.0	1.4448842956458212
2.0	0.6852532249262755
1.0	1.0199280969633153
2.0	2.090013482898216
1.0	0.5307428131786214
2.0	3.159498396309134
3.0	3.5289636176887047
1.0	0.9896297691948328
3.0	0.3128991756832109
1.0	2.4695062189241304
3.0	2.773286943001232
3.0	3.603980844957734
2.0	1.6670829705602381
1.0	0.5831805886906147
3.0	3.0434467663134726
1.0	2.4161089938545057
3.0	2.2463526586629743
1.0	1.8271446581382802
2.0	1.1382339589402157
3.0	1.6494520145121914
2.0	2.5932171857281565
2.0	1.610410299360399
1.0	0.6160384165513164
3.0	2.5331156186297443
3.0	4.397504100893674
3.0	2.732105460825679
3.0	1.460804475852207
1.0	1.3372005572494075
2.0	2.9692649583239676
1.0	1.377153463878634
2.0	2.1419471586989087
3.0	1.9181670760408813
3.0	3.5522725808124447
1.0	2.2604138922050785
3.0	3.267839785470501
2.0	0.3171565140931718
3.0	4.383464382927144
3.0	4.673382601046091
1.0	0.9336660965574529
1.0	-0.6521561462652592
1.0	-0.5188674387185401
1.0	0.7981563998645755
3.0	2.11110776569864
1.0	1.7716529167831316
3.0	3.2751070425605064
1.0	1.4457290360801571
2.0	2.0354356476931343
1.0	1.8357710478880391
3.0	0.8589784729300964
2.0	3.6996444286999575
1.0	1.59350216399539
1.0	1.122559056452897
3.0	3.8358363514768183
1.0	1.2543129724973556
2.0	1.252403253470359
1.0	0.12267737150520153
2.0	2.826369035395052
1.0	-0.8643785466630656
3.0	3.738205850885726
2.0	2.710217882790273
2.0	1.762774381928897
1.0	0.5484807905443826
1.0	-0.11490156068330704
3.0	4.207861142579966
1.0	2.372677649955448
1.0	0.6305595331689193
3.0	2.1619959204099413
1.0	3.4453371260280123
1.0	2.9017266786632163
3.0	2.687189901262724
2.0	1.4824312206138863
1.0	1.944553138988316
3.0	3.2710134401214352
1.0	-1.1786058073425547
1.0	0.7709931522899733
2.0	2.110449175293489
2.0	2.9692123469693272
3.0	3.1983841509161937
3.0	2.6789387189367186
2.0	1.3074958254882132
2.0	1.5603569638558503
3.0	2.849434154535167
1.0	1.077198823435074
3.0	4.382414734697525
2.0	1.124266055129874
2.0	3.3197524367844
1.0	0.8304120583263048
2.0	2.553747086693374
2.0	0.9637738485995926
2.0	2.4628353553029756
2.0	2.440180451349284
3.0	2.2423234734820614
3.0	5.886320966793258
2.0	1.0450319389434828
1.0	1.536219820463207
2.0	0.20875553021473436
1.0	1.6156799682765803
1.0	0.3701030707853906
2.0	1.0657337203499546
1.0	1.1937456537373177
2.0	1.727659713983729
1.0	-0.444214043572686
2.0	1.9730274117576436
1.0	-0.4870917103190071
3.0	2.4349761955750235
2.0	0.9681830258049586
2.0	1.7234660295222441
3.0	2.625073948160472
3.0	2.6627991987184103
1.0	-1.0483167149047001
1.0	1.515462596114364
1.0	-0.0367805396055898
1.0	0.918727210889
2.0	3.367600128892912
3.0	4.097463636967272
2.0	2.386019748112875
1.0	2.091767433154799
3.0	4.200426083070079
1.0	2.4853127382433167
3.0	4.775444847583456
2.0	1.7654566986602445
1.0	1.6669891870297133
2.0	2.0666127948569275
1.0	0.0764563834351012
3.0	2.2539787495131898
2.0	3.6273018893604414
2.0	2.3237074929879338
2.0	1.9262771669240022
1.0	0.47465685068245056
3.0	3.956095716531876
2.0	1.3724168312594482
1.0	0.6209775108064295
3.0	3.044443559863332
1.0	-0.1247916239475384
3.0	3.003215185316028
3.0	2.976270367794907
1.0	0.8263044304421907
3.0	4.889329684432452
3.0	2.0514148506699685
3.0	3.443838571904208
1.0	2.038436194368633
1.0	0.826610186301563
1.0	1.9088612039058885
1.0	-0.6008456695243649
3.0	3.7551126677487856
3.0	4.97123191008878
2.0	2.288680424745174
2.0	2.58013269778714
1.0	-0.1739989407504532
3.0	1.426017431070683
3.0	3.4750695207013536
1.0	0.7143021071713005
2.0	0.6613244143483417
2.0	1.111098501072063
1.0	-1.106687834494152
3.0	1.1968985903785605
3.0	3.6731034410820245
3.0	2.6507053384934496
3.0	2.6470875648418155
1.0	2.0429718358049627
3.0	2.853518084315441
3.0	2.4869263008262408
1.0	0.7250483956889506
1.0	1.2354434976928452
1.0	1.477338315366658
1.0	3.1917538503374607
2.0	1.1540908201434275
1.0	0.8010585936956116
2.0	1.4315158989919916
1.0	2.1925971283595858
1.0	1.32031390078079
2.0	1.9776724943523332
2.0	1.7061087863694355
1.0	1.5738578169282804
3.0	2.442096045891275
1.0	0.4049086160174843
3.0	3.1975369111773517
2.0	1.0033884774661943
1.0	-0.3935152963453923
2.0	2.711858462319954
3.0	3.046460256717389
2.0	1.0087985674941087
2.0	3.3538611994626577
2.0	2.5462259781473047
1.0	-0.44959682765565456
3.0	3.7633237795412944
1.0	-0.19985506690416188
1.0	-0.3810739553210647
1.0	-0.20464354444595112
2.0	0.798676091450951
3.0	3.6123747132776423
2.0	2.7159160401973903
2.0	4.812607994703164
2.0	1.6032209450017372
3.0	4.504507570622719
3.0	3.9419850983307345
3.0	4.933342130184659
2.0	2.645574280969853
1.0	2.7723724755220847
1.0	-0.14816836770048392
2.0	0.9686159565288823
2.0	0.8668188293540915
1.0	2.4697670077724596
2.0	2.308125699604295
1.0	-0.6017291935468525
3.0	3.807085567676388
1.0	0.9626658096322808
3.0	4.787075159253644
2.0	2.5399482301125236
2.0	5.015103089065626
3.0	0.8673621946415264
1.0	1.6506025309959287
1.0	0.6649686458790893
2.0	4.553847699608146
1.0	3.0825054326708465
1.0	0.050962601659665485
3.0	2.2984488294752006
3.0	4.457760717974734
3.0	4.568506375504716
1.0	0.739254900705128
2.0	1.9443352981373523
2.0	3.168252800910686
2.0	3.138857374988854
2.0	0.7086458918495417
2.0	1.0021392313664417
1.0	2.5757061595506396
3.0	2.605519243793449
2.0	2.1539894540351443
3.0	2.2388945802962974
2.0	2.0374574346034224
3.0	2.640981560773265
2.0	2.833577583545892
3.0	1.8940062361916312
3.0	1.4210791608099573
2.0	2.577807909905013
2.0	1.548452902355716
1.0	2.553177851762563
1.0	2.4918893494670975
1.0	1.1397775543837918
1.0	1.623801512922391
2.0	2.4408250823313464
2.0	2.1034748189852146
2.0	2.3400531903637622
3.0	3.3637990329360195
2.0	1.4025561178752812
2.0	3.338026936295005
3.0	3.3897461174929377
2.0	-1.347823998960119
3.0	2.5699290556268224
2.0	0.016677663468223525
1.0	1.609488106624987
2.0	0.5922682739380181
3.0	2.321641303200677
3.0	5.086494571872352
1.0	1.1442070874995942
2.0	2.1094645002933414
1.0	1.8396071232657145
3.0	0.1921253789085844
1.0	1.119496381681808
2.0	1.9432006800210269
1.0	1.623189734479351
1.0	0.5366588463785745
2.0	1.904959066444087
3.0	3.332381649258903
1.0	-0.21287061524221307
2.0	1.9485464454051276
1.0	1.0800099830668182
2.0	1.461850287672831
1.0	1.6682304793275313
1.0	1.919439181889
2.0	1.5077098843630943
1.0	0.8175025417289523
2.0	2.4548628106174966
2.0	0.7128251036130768
3.0	3.679618987184652
2.0	3.807512404203574
2.0	2.425178250672459
1.0	0.8334168957853247
2.0	1.0777342684033633
1.0	1.7528034057256086
2.0	2.318923837150308
3.0	3.0310921190772877
2.0	0.546301074957384
3.0	2.1386868205236658
1.0	2.0407318801921432
2.0	3.916599304319652
3.0	4.779041123226585
2.0	2.707784082387188
3.0	2.094059878314715
1.0	0.5792742995519001
1.0	-0.20620662311371873
2.0	3.4195941604625046
2.0	2.6944601585280807
3.0	2.1681963675316585
3.0	3.0940825325704817
1.0	1.2470317250399963
2.0	1.9626767090180255
1.0	1.1047442371072471
2.0	1.8483824515880471
2.0	3.7677854224201743
3.0	1.4138907514165255
1.0	1.824803320741919
3.0	2.8160206124574487
2.0	1.6826443732195047
3.0	2.6828315523085053
2.0	1.4563852925247964
1.0	0.15074179006886101
2.0	1.436657819923955
1.0	0.012953529118499674
2.0	2.260515172103716
2.0	0.5661037901799308
3.0	2.1538800405153427
1.0	1.9697277817725798
2.0	1.2965699667588058
2.0	2.5059367395804246
2.0	1.974727294246362
2.0	3.274069154620487
1.0	1.7284622504323615
1.0	2.111375582298245
2.0	3.0945466833289763
3.0	4.324984564026144
1.0	2.0682872035471194
2.0	1.9083489533703937
1.0	0.6486314676703201
1.0	1.3772651340523292
3.0	3.2156773886557493
3.0	2.6586724176291607
1.0	1.0352935978613658
2.0	2.520163384138998
1.0	0.7394936850451146
3.0	3.4448639225780497
3.0	3.593579432474618
3.0	3.2292873899732624
2.0	1.238163409155141
1.0	2.232808045002189
1.0	2.0862527014723744
1.0	0.9895340784264823
3.0	2.1746345688320132
3.0	3.0055080812912207
1.0	1.2110076449171883
2.0	0.8689001496650861
2.0	1.8034310390872679
2.0	3.386003864469025
1.0	-1.0737286549093765
1.0	0.5747680721379357
2.0	3.3084155802514443
1.0	0.37044494057378474
2.0	2.3864496216690503
3.0	3.6649195004622426
1.0	1.796735575464986
2.0	2.205024008548334
3.0	3.4727737653804542
1.0	1.7955342422948761
2.0	2.8283088461220953
2.0	2.1799289035451586
1.0	0.319124670125161
1.0	2.029402141883117
1.0	2.0656280606506288
1.0	0.40655404964208863
1.0	1.192190340394183
1.0	1.9547872637323738
3.0	2.2088583752136772
2.0	2.4508122540248833
1.0	1.823495199495427
3.0	2.8596999615536878
1.0	2.296405473470066
3.0	3.762932993451023
2.0	2.6269086428268693
3.0	2.5747479121380614
2.0	3.2000962156025734
3.0	0.5108507494703733
1.0	2.1495797276513287
2.0	3.2506629967391305
1.0	1.4676893653319503
2.0	1.5725278205136841
2.0	0.9177770561899474
2.0	1.6543025964475275
3.0	2.761166569069497
3.0	1.0388063027446814
3.0	0.5727816958547387
3.0	3.0078800489981736
2.0	1.6544519362393224
2.0	2.6252873751470833
2.0	2.2715632235659995
1.0	1.9021253494871204
1.0	0.22772543249838972
1.0	4.179083402359874
3.0	3.3251008445546413
3.0	4.777661628217597
1.0	0.6830517061176912
3.0	2.9658552906343028
2.0	3.1840970498953993
1.0	-1.280518041402705
1.0	0.9211318945282237
2.0	1.8623200839697487
2.0	3.147817526453742
2.0	2.2342352524189666
2.0	0.6264581755337486
2.0	1.640658674246284
1.0	0.08900905126329672
1.0	1.612838830710531
3.0	1.453214603739966
3.0	2.8457421195290404
1.0	0.7620874895820323
2.0	0.6783600635722562
3.0	1.735466116355747
2.0	2.360415186788102
1.0	1.3426204603476461
1.0	1.149454498829636
3.0	1.5905002780342454
2.0	1.9037747768833118
1.0	1.258466983905893
2.0	1.544236272478933
1.0	1.9231394566652416
1.0	0.4169512030547168
2.0	3.0735660553649997
1.0	1.9878642725537015
2.0	2.4898088197815254
2.0	0.9121446668686255
3.0	3.8373077264084694
1.0	1.6907295569209526
2.0	1.4043980518001178
2.0	2.3170455167563797
1.0	-0.3143464693122795
2.0	1.0787695195154743
3.0	3.0937730261632312
1.0	-0.3527804272982549
2.0	0.6049699419933112
2.0	1.9933373866318518
3.0	2.654616000030887
3.0	2.1469061585138522
2.0	4.053657734554381
1.0	1.3633164712709687
2.0	2.432206066649708
2.0	1.4911274105252903
3.0	3.0243982707447983
3.0	4.283763059210813
1.0	1.0229800994009162
2.0	2.2547612123054304
2.0	0.4293326561661279
2.0	2.4918524011216907
1.0	0.6811388949871922
3.0	4.464981467772505
1.0	-0.8181485500229699
3.0	2.6038943458947834
1.0	-1.1055492172580088
1.0	0.4296218904043445
3.0	3.415229832325102
3.0	3.2851944053772497
1.0	1.1579127960253577
2.0	1.5967912612298132
2.0	1.6547975366653602
3.0	2.3048958065827683
1.0	1.534308763471003
1.0	2.0354907002030345
3.0	3.207744354282206
3.0	4.268315927507839
1.0	1.9146128973399361
2.0	-1.4383000378993644
1.0	-1.1253340926379058
2.0	5.449289262738937
1.0	-1.1545233361207652
3.0	2.9469154434748597
1.0	0.7372050227269351
2.0	2.312791704704766
1.0	2.0211386252506394
3.0	3.332679211010262
1.0	0.7858470368157675
1.0	-0.35405472799379556
1.0	1.2500907222259205
3.0	0.49332078766373044
2.0	2.412424767839495
2.0	0.3361754889960673
2.0	3.398556666099098
1.0	1.0118300505855253
3.0	3.7101156621757845
2.0	1.018557389727921
1.0	1.522795928021329
2.0	1.3050964160999432
2.0	2.897446764755606
1.0	1.510912772053833
2.0	-0.12346243622297637
1.0	-0.7730516959932852
1.0	1.5556873681808714
3.0	2.3441781297943423
2.0	2.57479065101447
1.0	-1.0013562599146426
3.0	2.0188050056437152
2.0	1.6829353036407642
2.0	1.9344821960424645
3.0	4.6097705007792165
2.0	3.3967332951851645
3.0	2.8857037549945166
2.0	2.551342210864896
1.0	-0.5311343927498766
1.0	-0.9252756690995818
2.0	3.1756920774617843
3.0	2.237169334163957
1.0	0.168701897344254
2.0	2.7913627504389784
3.0	3.7683072197863634
2.0	3.1697686105241862
1.0	1.2901810475022315
1.0	0.15911961018002474
1.0	2.345740565679217
3.0	1.875210112931491
3.0	3.631979374021677
1.0	-0.4402975141048673
1.0	-0.025690837554105173
2.0	1.1410216199828938
1.0	1.9137451078695835
3.0	2.80349034995896
3.0	4.302398429780225
3.0	1.133992389116283
2.0	3.710054567126487
2.0	1.8073784424042514
2.0	2.5048165982962605
2.0	3.0957061719775893
2.0	1.7986667658899422
1.0	0.9892769491953773
2.0	2.008338588862869
1.0	1.465674022887178
3.0	4.684565779708364
2.0	1.2970375374893695
1.0	0.8476143677671981
3.0	2.5395933118235137
3.0	2.947595627369649
1.0	2.127858712290511
3.0	2.408646416462495
1.0	0.6034121809207069
1.0	-0.1561448431059933
2.0	1.5519633274857985
3.0	3.6639910156400033
3.0	3.1160487624938042
2.0	3.066197300431429
2.0	2.614367306392814
2.0	1.7431158989125453
2.0	1.7693981061833248
1.0	2.21161165621764
2.0	1.491198658635276
2.0	0.7247604614728371
1.0	1.0962513981383923
2.0	3.0600384459731487
1.0	0.6734525221814422
1.0	3.0917218492648493
1.0	0.7050122940967907
3.0	2.482860003928969
1.0	2.9955773766717266
2.0	3.443951550935377
2.0	1.5443005692010179
2.0	1.1446123524906517
3.0	1.8467136691216197
1.0	0.6745904004716976
2.0	3.1816133346809257
1.0	-0.7341947510533882
1.0	0.5742576519560034
1.0	1.318216609986897
3.0	4.925493444824231
1.0	0.5380143639419119
2.0	1.7358013973916062
3.0	3.6769703249127117
2.0	1.7671664654285357
1.0	-0.16173403905131112
2.0	-0.7542980472326213
2.0	2.708192364300166
1.0	0.7813707853732927
2.0	2.6432900547389178
3.0	3.688083029578756
3.0	2.669040633902168
1.0	-0.16182486769191096
3.0	3.695302685521132
3.0	4.47855105855494
3.0	2.2067955556176795
1.0	1.0236057019075324
3.0	2.670708760517832
1.0	0.1904145378807658
2.0	2.7512465944479354
1.0	1.0311834600165894
3.0	3.8113630899149706
1.0	2.9611232328948565
3.0	4.291359153097703
3.0	3.156158966440893
1.0	-1.3157763513261256
1.0	2.46445167298318
3.0	2.6864160701112043
3.0	2.4449093411816767
1.0	2.405429343702655
3.0	2.8461065214400807
1.0	2.856444046880271
2.0	2.741581637281772
3.0	2.1900469584574704
1.0	1.9537382289351544
3.0	3.9198694434889956
2.0	4.4292414197740655
1.0	0.4354298236405767
2.0	2.648652276057218
2.0	2.9823560687755015
1.0	0.374549739577262
2.0	1.5208325461945504
2.0	3.6773057497367887
2.0	3.1929703719182725
1.0	1.1764258918079555
3.0	3.312547867959836
3.0	2.8015197049902323
3.0	4.116711283585882
3.0	4.554429360011027
2.0	1.4137030101012142
2.0	1.9372386414175908
2.0	1.4118190753144233
1.0	-1.1300680664614577
1.0	0.9988802899755963
3.0	1.3639875283140046
3.0	2.3989170218427907
3.0	2.5968948475570954
1.0	-0.15728002088292214
1.0	2.0663636619040027
2.0	2.6727357735622017
3.0	3.717669709490218
3.0	3.0805562982682186
3.0	2.5290909109047943
1.0	2.5839557602917758
2.0	2.7807053320597697
3.0	3.6550595692025225
1.0	3.8162009616761003
2.0	1.6994917150539361
3.0	3.2047584736346377
2.0	1.091646358036611
3.0	3.192556637862287
3.0	1.8553147123373928
1.0	2.186498573439461
1.0	1.3046959729218957
3.0	2.6259036676493523
2.0	1.4010402356671277
2.0	2.0481981082614804
1.0	2.366517740270182
1.0	0.29013049683634273
2.0	4.056042458153079
1.0	1.6795767984865977
2.0	1.737505949604206
1.0	0.13905403746246525
1.0	0.2840256451258628
1.0	0.42152512278320786
3.0	2.225052735577339
3.0	3.026051632590857
3.0	3.651820313967355
2.0	1.3869398766166379
1.0	0.2266837889787513
1.0	0.7954986561098456
1.0	0.034710634732981416
3.0	1.4683128459056352
3.0	1.3339723186545982
2.0	1.2476994918386113
1.0	1.4392338928904183
3.0	3.720064158809902
1.0	1.9632148697079619
2.0	0.5894839188426624
3.0	2.272275524698524
2.0	1.8613354558683217
1.0	0.9100787604088523
2.0	3.870243679810587
1.0	1.4193515793556766
1.0	1.171188008899289
3.0	2.6738294972735974
3.0	2.1507918565330364
1.0	0.7331278832569923
2.0	2.885958320029463
1.0	0.3574756782913361
3.0	2.91277541750671
2.0	3.1093484821973023
2.0	1.9374584873435057
3.0	2.1469645120216536
3.0	0.5831975358467565
2.0	2.7097995707614846
2.0	2.7703668034841886
2.0	2.608033259661841
1.0	-0.9513634659832453
1.0	0.07798825685718214
2.0	1.9421875679641822
2.0	1.7090468055465982
3.0	1.520172636669225
3.0	4.165711019465046
2.0	2.09024847268928
3.0	3.075419231625096
2.0	2.9601794830038792
2.0	2.1762670680242056
1.0	1.4631087115816923
1.0	1.7959830529162435
3.0	3.4053126515025482
3.0	1.087342834926681
2.0	1.411973919085745
1.0	0.6710926711103509
3.0	3.375383898900857
2.0	0.7751940509893671
1.0	-0.028935714623714137
1.0	1.520108805368507
3.0	1.9611023509102739
2.0	2.539167634877728
1.0	2.5414510003317847
3.0	2.9293594328533854
2.0	3.2892458068802277
3.0	1.377803371724625
3.0	3.5599249462041636
1.0	1.325792208599668
2.0	0.7990458749830396
1.0	1.962542645377515
2.0	2.9441091896455753
2.0	1.0325245348687075
3.0	2.1810202448524145
3.0	1.868903008374362
2.0	1.2008671899003782
2.0	0.8689452168656913
2.0	2.7507621142411853
1.0	2.8462618755099705
1.0	2.1548396312565474
1.0	0.033051045262719625
3.0	1.9334482044295218
1.0	0.72402963031823
2.0	1.3427540324927016
3.0	2.989855183420377
2.0	3.0189708479776964
3.0	3.0105888283278035
3.0	2.631774684371205
2.0	0.9358971500919551
2.0	2.58268312140632
1.0	1.27049718760347
2.0	2.106196052961561
2.0	0.7864270149095014
3.0	4.9285913296711925
3.0	2.7603466326280404
3.0	2.1165747747490187
2.0	1.0241429737405208
1.0	1.6128502898844717
1.0	-0.4434962507581972
2.0	0.6657208398742391
1.0	0.8644030452081648
1.0	1.5452925651169345
3.0	3.71214949590295
1.0	2.0976450087244283
2.0	2.333205000295309
2.0	2.71810875660699
2.0	2.9499541960458284
3.0	2.7605404108464677
3.0	3.8835716446923336
2.0	0.6934083609609702
3.0	5.517498420047034
1.0	-0.6940613877206723
2.0	3.038271616963188
2.0	2.8956957327394637
3.0	2.613403124726627
1.0	0.26796946882069583
3.0	2.814039774677548
3.0	2.501977108868607
1.0	0.6194571954098768
2.0	1.522116111039989
3.0	1.8895312436451777
3.0	2.369800246349861
2.0	0.2866848305144909
3.0	2.031559179111955
1.0	0.5499205827271074
3.0	2.003796205631263
1.0	0.9110021274341679
2.0	0.46390140302417127
3.0	2.836755306334038
1.0	-0.8735045690663583
1.0	0.707902088736015
2.0	2.6367081775912666
2.0	1.3833899769669586
2.0	1.2029827389678407
3.0	3.1042576852804147
2.0	3.4014801071233
3.0	2.2870153109273526
1.0	1.6363981698271215
3.0	3.1582416573581646
3.0	3.5860533017829845
1.0	-0.22761753534655482
1.0	0.3407601476754082
3.0	2.455367239647054
3.0	3.6843914906500834
1.0	-0.40625943035950596
2.0	1.9899020437920594
3.0	4.370852768361267
3.0	2.825781268482087
2.0	0.7308126288522383
2.0	2.1745660691497726
1.0	3.043400618864203
2.0	0.3244307712235306
1.0	0.5710510455146166
1.0	1.7869202309839105
2.0	1.2915164281438667
2.0	0.4482653011863702
3.0	3.0363652511904453
3.0	5.320011405518271
1.0	0.5776746426122938
3.0	2.89708756104375
2.0	1.5703403249166863
3.0	2.674673711245662
1.0	-0.31479573343018497
1.0	-0.0055637151496117365
3.0	3.6492109519975235
2.0	0.8338625499828527
3.0	2.445113488010712
3.0	3.7132109814804957
3.0	2.9216443193675747
2.0	1.5344285660684756
2.0	2.2880372047002355
1.0	0.37690556126787167
3.0	3.3383098202271504
1.0	0.16645594418730092
3.0	3.6397347534005577
3.0	2.1588472765999684
3.0	3.179909874531976
3.0	4.06437433705123
3.0	5.0244936061126655
1.0	1.3599753958734844
1.0	3.2447756620777723
2.0	0.7641761280550108
2.0	1.8331472071091346
3.0	2.75939057355696
1.0	1.7646928092380105
2.0	1.1286523244997633
2.0	2.755377711410736
1.0	1.3676855058632202
3.0	3.2157644162916807
2.0	-0.3341769019288443
3.0	3.062928133271618
2.0	3.841791119002494
3.0	4.102875485799886
2.0	1.4991306290379618
2.0	3.069216521489843
2.0	2.8045232173313996
3.0	2.86933417557049
2.0	2.97124065228499
2.0	2.1089217791308967
2.0	1.4318837923264454
1.0	1.2386693509686793
3.0	3.8188874765425433
1.0	0.75539904670092
3.0	2.6793406210166957
3.0	4.602127780797195
1.0	-0.4151889295627398
2.0	0.5470122750711226
1.0	1.2107401777545208
3.0	4.567798308613069
1.0	0.24812920078988188
1.0	2.610892911412411
1.0	-0.15217673890184802
2.0	2.665588890074707
2.0	1.1089814839770593
3.0	3.834886411661596
3.0	3.1642209475860152
3.0	1.9912662419927534
3.0	3.095714393583648
1.0	1.3167794405133888
2.0	1.6599729846101587
3.0	2.0402263476316302
3.0	3.7645694379016565
2.0	2.9230374216071353
1.0	1.4348574767487878
3.0	2.917082843386671
2.0	0.6485540036986188
3.0	3.808831980123742
3.0	3.1707078371151085
3.0	2.7891255960366577
1.0	1.2690057070241314
2.0	2.882483404693251
2.0	-0.5519702544334857
1.0	0.2612449163879924
1.0	2.0295963778473194
1.0	0.7482532305391181
3.0	1.31501961438319
2.0	0.7402872697152254
1.0	0.23872706150281342
2.0	0.5130223663340552
1.0	0.08346685343458704
1.0	1.5596935633638465
3.0	3.4579652869090185
2.0	1.6399248786192127
1.0	1.5458505484578624
3.0	4.360070516633673
1.0	0.6220766625800888
2.0	1.0928283907582332
1.0	0.43753010566731676
2.0	-1.1312575470486324
3.0	3.6981482291059264
2.0	2.591226456247335
1.0	1.6220626334673116
2.0	2.3159344051804007
2.0	3.11543632578997
3.0	2.487055729496428
1.0	1.655601670275356
1.0	0.14728888866365508
2.0	2.5696382104924806
2.0	1.0167086651058346
1.0	0.25243915998233235
1.0	0.059381147376391885
2.0	2.451948271487204
2.0	1.4593793226439364
3.0	4.169394946706706
1.0	-0.31983960334482187
3.0	3.2950427109503573
1.0	1.443012935048114
1.0	0.5744357395957418
3.0	3.7963338929566786
1.0	1.17306094577686
1.0	1.6430636695384462
2.0	0.043464787531402704
3.0	3.958848801938765
1.0	0.14569059353782055
1.0	-0.3492814972318081
3.0	2.7460656505022345
1.0	0.5987043335624049
1.0	0.6080228113609967
3.0	3.50133511197213
2.0	1.676585878373695
1.0	2.119325804233598
3.0	3.508580828831658
1.0	2.1474772246593297
3.0	3.3778225068188528
2.0	3.869885505864719
3.0	3.3787962725230885
1.0	1.9980881231100933
2.0	2.4146957068328874
2.0	1.9452910173748779
1.0	2.1446141431620505
2.0	2.832455762669552
2.0	4.321183876236424
1.0	0.6731330740312299
1.0	0.9623849526014274
2.0	0.06234536527758827
2.0	2.88980412770508
3.0	2.9696973055468336
1.0	0.8874913910635361
1.0	0.2243876667995941
1.0	0.11034393459250746
1.0	2.0642178113694074
3.0	3.3637258444690272
3.0	2.6077772230775413
2.0	1.132570952340707
2.0	0.6968691113000709
3.0	1.5998474837194676
2.0	3.333810794921056
1.0	-0.43287988272071165
1.0	0.19249845638360963
2.0	3.235586646959783
2.0	1.8922447683179813
1.0	0.37519099073592277
1.0	1.270997795709976
1.0	1.559159238867963
1.0	1.751343334026143
3.0	2.4922799272209817
2.0	0.39905924485072997
2.0	1.0701346273533798
1.0	1.4395977131206983
1.0	0.8497869681619075
3.0	3.4123552516169973
3.0	3.1078134400960136
2.0	3.7104422074043653
3.0	2.479593840970801
1.0	0.2748472821827145
1.0	-0.008268489365752973
1.0	1.131821095913139
2.0	2.3328911642627954
3.0	3.1817860163250566
2.0	0.3020880545143647
2.0	2.241355393980541
1.0	1.1575011772082748
2.0	1.3318821803888956
1.0	0.4433257072514394
2.0	0.6103827998594169
1.0	2.383892525036952
3.0	2.645780052276778
2.0	0.2411514802657866
1.0	0.7633882432188643
1.0	0.45177656985136816
3.0	0.4312008477536926
1.0	1.2657741114773344
1.0	0.6143818500957416
2.0	3.610349541670252
2.0	1.180207967750133
1.0	1.7653699630378379
3.0	2.111342859271508
3.0	2.833948494493805
2.0	2.921441961617129
3.0	2.5127967721595135
3.0	3.202211682990712
1.0	0.5190007820143328
2.0	1.8258239790000805
1.0	2.3201108247723314
1.0	0.8829174729864357
2.0	3.101136560364801
3.0	1.6150372362921954
1.0	1.3439146514290397
1.0	3.0331294559974347
1.0	-1.0775303904630915
2.0	1.3642066004278859
1.0	0.7798960927948413
1.0	1.488293063669174
2.0	1.5493871142577234
1.0	1.1622039865050382
3.0	2.519090989743761
2.0	2.564352486298209
3.0	2.455524687212574
1.0	0.8084882047824065
1.0	1.2258156134539078
1.0	0.10532633709667172
2.0	1.4651507714552885
2.0	4.9034148469061325
2.0	4.019982042506223
1.0	1.429545888427869
3.0	3.990575600298694
3.0	1.401742899446324
2.0	2.9099734155567707
2.0	2.283054703363595
1.0	1.1479964360145987
1.0	3.674485981086955
3.0	2.2432567038376514
3.0	3.3307467916322917
1.0	1.3639783135786852
2.0	2.886736841696185
2.0	0.9102203539125462
2.0	2.9311222605697997
3.0	2.2635365552293347
2.0	4.69352387976533
3.0	5.559423497370775
1.0	1.9384866811472763
1.0	0.41332894768929174
1.0	0.6933591581810415
2.0	1.1580842802103481
1.0	2.238841967471839
2.0	1.6228428713746026
3.0	4.276157553589508
2.0	1.254624468004608
2.0	0.8643496483165085
1.0	-0.1522850033872587
1.0	0.16521429505619722
1.0	2.0576720694007116
3.0	2.9194905090527
1.0	0.2839340525020352
2.0	1.6604649960321762
2.0	3.226904165513301
2.0	3.001025190105471
3.0	2.592220873347464
1.0	2.7835582068838116
2.0	1.2061753767754824
2.0	1.2253923474467954
3.0	0.8162268326929594
1.0	-1.3390201636510466
3.0	2.3851002204817826
2.0	1.735704770022992
3.0	1.0016189849837527
2.0	4.131008621805736
2.0	2.409915084001314
1.0	0.05754158705866508
3.0	2.096072676380643
2.0	3.3149557960909175
3.0	3.069734276745462
1.0	0.7712108941581507
3.0	1.498132719635359
2.0	0.2888220272494013
3.0	3.4192953221756386
3.0	1.5228566963199726
3.0	2.234517417455744
1.0	2.4733391640717812
2.0	2.4563186756161346
3.0	2.316213705639588
1.0	1.190754784262858
2.0	2.2995024431458786
1.0	0.2393023806131368
1.0	2.4526042255235065
1.0	0.11165055289486336
2.0	1.1263152211603247
1.0	2.1357045964690657
1.0	-0.7833694758705811
2.0	2.557481700887318
2.0	1.729826972151816
3.0	1.206653809486932
1.0	0.853115539531621
1.0	1.6135510431056563
2.0	0.9924189271279145
3.0	4.433452339564282
2.0	1.8825468872758644
2.0	0.8257125689847051
1.0	2.2533071215400957
1.0	2.186377658269759
3.0	2.058823009584011
1.0	1.4631031658159988
3.0	3.696722225800776
3.0	2.29398764709351
2.0	1.0614322511194294
1.0	1.0327184975852794
2.0	0.9820078143050066
1.0	0.8524936325664995
2.0	1.5379422677087375
3.0	3.14991267849044
1.0	1.6744283430000282
3.0	1.1267527555887373
2.0	3.0745621893849475
2.0	2.2563410165030584
2.0	2.4831095114370894
2.0	4.1130605840891965
3.0	3.446736401856222
3.0	4.097434838605757
3.0	4.288442264030349
1.0	2.6593633155966003
2.0	0.7516665217386378
3.0	3.200739932542339
3.0	4.065558164494043
1.0	1.209787582492245
1.0	1.0150630651438013
3.0	2.632833083403001
2.0	3.2611060099303537
1.0	1.1855539965342021
2.0	1.8904572918459415
2.0	1.0137933332069853
3.0	2.648447432414359
1.0	2.3442293468599265
3.0	2.1361808822528663
3.0	2.2526883152851385
1.0	0.7868518097160779
3.0	3.997777434446293
1.0	-0.36707562737041766
1.0	0.24830628692113998
2.0	2.7120113002804365
1.0	1.3785115637163792
1.0	-0.43024105740355445
3.0	2.418844543434877
2.0	2.611703973447919
3.0	2.623397817320999
3.0	3.132341681881978
2.0	3.6301601876363234
1.0	-0.5052754816305174
3.0	3.637672778509824
1.0	0.622423841526073
3.0	2.5165861997071373
1.0	0.7462959400638489
2.0	2.8879069421105976
1.0	1.1946389829571116
1.0	2.3032438990552686
3.0	3.0780961374588043
1.0	2.056382481617316
2.0	4.545845974304342
1.0	2.533532534733367
3.0	2.591828313738493
3.0	2.7873189128398734
2.0	1.3799607025328609
1.0	2.2247448341794764
1.0	2.0247596317437058
2.0	2.4291565751694315
2.0	2.2400086401946497
1.0	0.7769701111365743
1.0	0.27552589000984595
2.0	1.4364494599559778
3.0	2.288300583714154
3.0	-0.31379629379758267
3.0	2.7864624967471623
3.0	2.573956131179872
2.0	4.164922047143806
2.0	1.0942720374281
2.0	1.7605651915106146
1.0	1.1598752605696816
2.0	2.092927151249065
2.0	1.6801568287185304
1.0	0.3571306502811069
1.0	0.9279412072969515
3.0	2.2353094796428716
2.0	2.737919712625967
3.0	3.413555304276581
1.0	0.11390537873134798
2.0	2.2013408833264028
3.0	3.8423047758253412
1.0	0.08499720322493887
3.0	3.1221148014772773
3.0	2.441026102106106
3.0	1.9637037873567895
3.0	3.2327572541628755
3.0	4.4370435587948815
2.0	0.6480464483856831
2.0	3.543756672382582
1.0	-0.005864178513907303
3.0	3.675410969932761
1.0	-0.025244665034447333
2.0	2.883232397815726
2.0	1.6242686316270076
2.0	2.4808880995283715
2.0	3.1032714407091553
3.0	1.790817109502944
2.0	4.447594194830136
2.0	2.134947982955364
1.0	1.381570650016881
1.0	2.42094119809975
1.0	0.2639177200200655
1.0	0.11649609314118459
1.0	0.22281466590907273
2.0	2.618591851822999
1.0	1.5226826554210984
1.0	1.3387644793064204
1.0	1.405801764733976
1.0	1.1257148695439585
3.0	4.121099600553031
1.0	0.9058747519528966
1.0	0.47588180399781044
2.0	1.5243539926491554
1.0	1.0059334683247316
1.0	2.2038887429803893
2.0	2.050840973479703
2.0	0.9114275970991521
3.0	3.144854465779419
1.0	1.3443129373276959
1.0	1.8725324514794006
1.0	1.4737511752633483
3.0	2.0614280498243662
1.0	-0.05327634354805877
3.0	4.054156636719091
2.0	1.8589933614166672
3.0	3.670588976941056
2.0	3.259335984534926
2.0	2.2981016253942808
3.0	2.9865529382028595
1.0	0.0648567600461668
2.0	1.6594168844998547
1.0	1.6635317122224338
3.0	3.4778592400176587
3.0	4.003997043367204
3.0	2.2826156105380697
1.0	0.9237705667834009
2.0	1.3077272056582567
2.0	2.71504766507479
3.0	1.767219573885788
1.0	0.7074176488792101
1.0	0.8234395483010485
3.0	3.281550933085593
3.0	4.116413700950617
1.0	1.5463590764069761
3.0	3.358599063915797
2.0	1.7804895113971044
1.0	0.5350297009388996
3.0	4.255877433172118
2.0	0.6161123082452655
1.0	-0.20693819129755275
1.0	-0.5152458560041491
2.0	2.1791449928462696
3.0	3.0774771561766525
2.0	1.1502780398459929
3.0	1.765597136947853
1.0	1.1278589553359308
1.0	0.9976332142303499
2.0	1.1351401056758654
2.0	1.850155624855773
3.0	3.77772577946331
3.0	2.9056598370976388
1.0	2.2408890859358053
3.0	2.160389472236465
1.0	1.1099006333887098
3.0	1.7173962608098783
2.0	1.385021021362503
1.0	2.407283968435353
3.0	2.3983562753157743
2.0	2.8723804944451055
2.0	3.4421509085684585
2.0	2.4414381704090866
2.0	1.3665493119005627
1.0	1.759184541504116
2.0	3.8943956304560636
3.0	2.1359576876262043
3.0	3.3843017798901913
3.0	2.0127873689871065
1.0	-0.32153912712378396
2.0	1.328613673758276
2.0	0.08207620182142628
2.0	1.4569703970854557
2.0	2.744632280416459
3.0	2.63067196785216
3.0	4.187409347034054
3.0	4.138417401123499
1.0	0.02178971832420573
3.0	2.628682371598606
2.0	3.8561073005383046
1.0	0.33249041709284577
3.0	2.4985362082648144
3.0	2.8397327748134717
1.0	0.5271661626810583
2.0	2.7599551577129597
1.0	0.9942631478475268
3.0	3.649838733455485
3.0	2.845082730270733
3.0	2.025342395017727
3.0	3.1365487471729367
2.0	1.633756267539539
1.0	1.229744643748308
1.0	1.0528188335224409
2.0	0.9596498101313196
2.0	1.2853652700049183
1.0	0.3968060061379921
1.0	0.8616398060527123
2.0	1.199502871365778
1.0	4.140996430646728
1.0	0.9550069968532036
2.0	3.2162470795822173
3.0	2.9284303948073944
2.0	0.7548840978952334
1.0	0.753414168563046
1.0	-0.8001775713052006
3.0	4.9087297594696375
1.0	1.8886003426199105
2.0	2.284180629378558
2.0	0.4002311054019514
1.0	0.7991732955984324
3.0	1.0638303446526254
2.0	2.1750120605654093
3.0	3.0757922589896607
3.0	3.6529505219646583
3.0	2.8314970021458428
3.0	3.2311135190345297
3.0	4.062140243613966
3.0	3.0250643547325042
1.0	-0.5667566851383445
3.0	1.9483083066475937
1.0	-0.24861510613863214
1.0	2.475269487253179
1.0	1.3857639100175605
1.0	2.5316999036875245
2.0	2.3642988196848815
3.0	4.047603216724259
1.0	-1.254669597110103
1.0	2.9732099601406023
1.0	0.9922897787692794
2.0	0.999151833196799
2.0	0.8070476713935164
2.0	-0.2920258493173189
1.0	1.7804157750453113
3.0	2.828255241473212
3.0	4.535910225417568
2.0	2.406450679898841
3.0	3.3534195831826614
2.0	0.944237197032294
3.0	3.9213900662310173
3.0	3.005396147123484
1.0	2.1173596649925575
1.0	1.8533871801103465
2.0	1.4908786267478689
2.0	1.000471482871414
2.0	1.2686122898826437
3.0	2.380399140430475
3.0	5.297760943515862
1.0	0.29961584945462827
1.0	0.6711876012827769
1.0	1.971191419952131
1.0	0.6629805443546892
2.0	1.4032770023254044
3.0	3.9504876771840993
3.0	3.136896180241175
3.0	1.9416972193957969
1.0	1.6958112910003167
1.0	2.7462074870460427
1.0	1.3398559853990109
1.0	1.4389333281670538
3.0	1.7338362393299032
1.0	0.3211215434714909
2.0	2.1734737944628386
3.0	2.244894669635406
2.0	2.6959132754407165
1.0	2.5849643008787697
1.0	1.4406490173489008
2.0	0.7192620614460536
2.0	2.00468220439891
2.0	1.1611089407417012
1.0	0.2938317789327143
2.0	3.0045156796940247
3.0	3.688750891989648
1.0	1.4798173059976472
2.0	2.375771032578331
3.0	1.268670668498144
1.0	2.1257708385292364
1.0	0.4528717093207798
1.0	0.8822858303436492
3.0	2.073832061999331
3.0	2.604193682163783
2.0	-0.314184590559786
2.0	-0.1853498330132286
1.0	-0.15663649967759308
1.0	1.123242672784653
3.0	1.5641700361633288
1.0	1.7395644045018104
3.0	3.8746277189477785
1.0	2.556383794020408
3.0	2.170600902086571
2.0	2.5639623616977887
3.0	1.7323067714745506
1.0	0.7174568843158269
1.0	0.07789830862676816
3.0	1.4908716877149455
2.0	0.8026713915834274
3.0	5.177998710905586
1.0	0.9820091008471874
2.0	0.3807289185032059
2.0	1.1301060713019067
1.0	1.2451200655418255
3.0	4.43489014216605
2.0	2.33678921941095
3.0	4.035475773698873
2.0	1.5247644423600382
1.0	0.6865984165514599
2.0	0.14027443507220205
1.0	0.53903986649706
1.0	2.193336212863022
1.0	-0.268349699303583
2.0	0.47002661067193574
2.0	0.35276658605986166
1.0	2.3205362383680086
1.0	0.11630460814200849
2.0	0.8122021291759312
3.0	4.190493247237482
2.0	3.419004074730982
1.0	-0.9221305078690685
2.0	2.319766205071577
3.0	2.2326570105219075
1.0	1.1088763858678232
1.0	2.491212521274849
2.0	2.661269638378395
2.0	3.232734360457777
2.0	1.0754998606826571
1.0	0.6924802033672152
3.0	3.2367979601849375
3.0	2.8026154349173127
3.0	2.1287704063820154
3.0	1.9924240353415759
3.0	4.011807965403106
1.0	2.574564698424072
3.0	4.01848745567001
2.0	0.9784064834181994
2.0	1.8233729666895062
3.0	2.050265477867093
2.0	1.8239114395859155
3.0	2.2346892392126607
2.0	1.0895689469150422
2.0	2.678455237790849
1.0	1.1419134635099542
3.0	4.143884642818899
2.0	1.4704951832854585
2.0	2.708395158237797
2.0	0.17545418165536675
2.0	1.7229450354626064
2.0	1.4789950800290765
3.0	1.6124566740023412
3.0	4.119952428096828
2.0	0.7472298367621171
2.0	1.0772666598105276
3.0	2.3605458689067036
2.0	1.0575758777258581
2.0	3.0984232129339366
2.0	2.5229367012304387
3.0	3.8255474974396906
1.0	2.0515710200353636
2.0	1.5169487002943915
1.0	-1.4686489310548327
3.0	1.875865459473631
2.0	2.1987215201057584
2.0	2.084108260072303
3.0	1.394406778070093
1.0	0.623913091840608
3.0	2.6438270315742414
1.0	0.5064801561736563
3.0	4.122971823290085
3.0	4.6971954686358615
1.0	1.7567118290174224
1.0	0.7212951739487471
3.0	2.641341528589556
3.0	3.1780540961713135
3.0	3.0815974644016575
2.0	0.04129035354821209
2.0	1.959662674626396
3.0	2.4975739438779874
2.0	1.8542168992553338
1.0	-0.07072814296405094
2.0	1.99052998770684
1.0	1.6412901983679618
1.0	0.9480906070290156
2.0	1.0971782507502121
2.0	1.0811598533601376
3.0	2.391534486661792
3.0	4.191464738307617
3.0	3.426568674340574
3.0	3.456758735052119
3.0	3.3720536304526814
3.0	3.8514767174110727
3.0	2.612065232616711
3.0	4.57265644154705
3.0	2.6225901976280244
1.0	0.9185092223238982
2.0	3.799544393297535
3.0	2.1331768435526044
2.0	3.202328243245368
3.0	2.5493583187744537
3.0	2.6695183623707877
1.0	0.4263575450088508
3.0	2.124228495517262
3.0	2.871944173788472
2.0	2.3655358116501963
2.0	2.593560739294265
2.0	2.926451064595537
2.0	1.7230891913128332
3.0	4.014016127697295
2.0	2.0972742979023606
2.0	2.5967933860235966
3.0	2.2778377587907803
2.0	1.050609782262361
1.0	0.6388842931142343
3.0	3.204225044373908
3.0	1.6233223501515786
3.0	3.20645449773473
3.0	3.2227882370103265
2.0	2.3893903943293138
2.0	2.0776361363936857
1.0	-0.05989640588529088
1.0	1.854245083345399
3.0	2.141972221869086
2.0	2.410781424429393
3.0	2.767796137697752
2.0	1.7785121151334908
3.0	3.270453947813732
2.0	1.5164911412851012
2.0	1.9801498229395644
2.0	-0.6767954131590477
3.0	2.4330380254139823
2.0	1.0651671223789672
1.0	-0.7009755444890999
1.0	1.9432333982845575
3.0	-0.01760282145526615
3.0	3.80994310989755
2.0	2.9807077761528538
2.0	0.6056167310744314
1.0	1.80804591382019
1.0	0.5309087420660767
1.0	-1.005944715695302
2.0	0.964268917922114
2.0	1.8055428237001065
3.0	3.0367912254936757
1.0	1.2370957093661032
2.0	1.487474395465647
1.0	0.0543189060065733
2.0	0.20999829429380457
3.0	3.8181464065299053
1.0	0.8596225349728348
1.0	1.6892227714110635
3.0	4.62471223261162
2.0	0.21769101799892554
2.0	2.622986306015024
2.0	2.168279808966066
2.0	1.2710490004734702
3.0	4.983511095501768
2.0	3.751836550601449
2.0	1.212498091210651
2.0	1.59125093491232
2.0	2.5874913987051764
3.0	3.638773383882954
1.0	3.1048661163036346
2.0	3.2748113463003627
1.0	0.5653072179672607
1.0	2.731332562857844
1.0	1.1934133351061607
1.0	1.366026834216888
1.0	1.8683341335998713
1.0	1.3327163656260792
2.0	3.7325236964935753
2.0	2.16101028216977
1.0	1.8440298976008962
1.0	-0.08137878694014877
1.0	2.190353625402463
3.0	3.1979805817548774
2.0	1.8730472708935157
2.0	2.49845655843676
1.0	-0.6214038198149998
2.0	2.5559156913941026
3.0	2.9942233130422977
1.0	0.7504703573343303
2.0	2.7736993945638213
3.0	3.38464187662299
2.0	0.9171343779377468
2.0	1.7834070940051217
1.0	0.8428285559421655
2.0	1.8896306412375194
3.0	1.8738016596371216
1.0	0.6229532503658625
3.0	5.890083062516659
2.0	3.3930626923125984
1.0	0.16817773754234888
3.0	4.505171916136719
2.0	-0.05498064807543557
2.0	1.1825994808344156
1.0	1.1101810836285726
3.0	2.9655571069448223
2.0	0.7246686097730695
3.0	3.6621212537082
3.0	2.9877843294658977
3.0	2.6507847103443427
1.0	-0.9081094704515618
2.0	1.5172292088765662
3.0	2.1478270946104736
1.0	0.7525546586862009
3.0	3.838029035203726
2.0	1.3049284468179116
2.0	0.3855427655922383
3.0	4.049004042997849
2.0	1.9135945599177004
3.0	3.7918589749633815
1.0	2.2850084694678396
3.0	1.3497726004921962
1.0	0.41353512060030995
1.0	0.8634104724274697
2.0	3.5427443017507807
2.0	2.134461451266869
2.0	0.007206583176905035
2.0	1.1650692461187704
2.0	2.7186207103585187
3.0	2.3650287924031073
2.0	1.3717930580672504
3.0	2.3166340622870165
3.0	3.1832845515977746
2.0	-0.8073284239096803
3.0	2.5160360050639965
3.0	4.246571397627427
2.0	3.1783426668039336
2.0	2.6812716760724356
2.0	3.2623216521836502
2.0	1.108005787365387
2.0	1.4504752647210508
1.0	1.2759092860052101
2.0	0.19422666190028082
2.0	1.5425414197959137
1.0	0.6951583871094935
2.0	2.0345308261897546
2.0	2.2322523678361046
3.0	2.1515042218554767
2.0	0.9449838194468334
3.0	2.3495798482856363
2.0	2.474314725238836
2.0	2.706821207987319
1.0	1.590646886453108
2.0	1.7620175512906324
1.0	2.3381651875738765
1.0	0.6022418519112133
2.0	3.615081105786454
1.0	2.4162806244310415
1.0	0.8480222947262737
1.0	1.6561423256188896
3.0	1.5057415313861535
2.0	2.214236862846357
1.0	0.24335970383166183
2.0	1.9939799228060313
1.0	2.0551585016494682
1.0	0.061247272934722985
3.0	3.1354783027801374
3.0	5.322307098179964
3.0	3.9232672576745
2.0	3.097731920455647
2.0	2.563317782939321
2.0	2.060159587983706
1.0	1.5421180471395188
2.0	0.8324935472811608
1.0	0.8537206412223888
2.0	2.564001054148294
1.0	-0.5324624108573541
1.0	-0.20451540493640663
2.0	1.1325881830476077
1.0	0.2167724250147498
2.0	2.668700016516365
1.0	2.397077988543378
1.0	2.4156889375952946
3.0	2.096322827264326
2.0	2.857297194554771
3.0	3.0517919714986563
1.0	1.7504814088182599
2.0	-0.49962394215712624
1.0	1.44285069779199
3.0	2.8347759933456977
2.0	2.313410779644881
2.0	2.4102052385858537
3.0	3.3363035534899015
1.0	-0.7764386558931271
1.0	0.733465465016115
1.0	1.5556756052703922
2.0	1.1491931983396493
2.0	1.5974585917117345
1.0	1.7781218543017918
2.0	3.7477878681950854
3.0	3.1450269601343295
1.0	2.3923886157316554
2.0	1.4139195161676765
3.0	1.7425266447704018
1.0	1.1356326119726619
1.0	0.7448069264297525
3.0	3.2679960793092064
2.0	1.521233312874649
2.0	0.9160796382056613
3.0	3.326675220668968
3.0	4.0292914485125575
1.0	0.2973786633532237
2.0	-0.17747902643490976
1.0	0.7808000959593998
1.0	1.2903786069173957
1.0	-0.8076525134079064
2.0	0.6041610846572678
2.0	2.7569372513063657
2.0	1.1710478766883483
2.0	2.559942103812832
3.0	2.973009241114214
1.0	0.7868671900817839
2.0	2.1876602946510926
3.0	3.9300154815953463
1.0	-0.6386631929008626
1.0	1.2968379626666835
2.0	2.5714320740508883
2.0	1.1926764175173172
2.0	0.85845583706099
1.0	-0.6089357986194786
3.0	3.530265599624279
2.0	1.5194598385455027
3.0	3.2570357370259746
3.0	3.194171486701648
3.0	4.726612926581937
3.0	2.2156442996095764
1.0	1.1852537062741169
2.0	1.5356065504515128
2.0	1.2463230396517226
3.0	1.5752314127882008
1.0	2.2348962755571016
1.0	1.4174923427432926
2.0	0.5004292145476803
2.0	0.687687466783776
2.0	1.7145827255348633
1.0	-0.9472416468080977
1.0	1.7175278964062424
3.0	1.6005851717134532
1.0	1.3437498543178625
2.0	2.1793844617643696
1.0	1.1686690231957733
2.0	2.107607365649911
1.0	-0.15044128785918431
3.0	3.8094430251087066
2.0	0.6943610250831285
2.0	2.707337828680508
2.0	0.9741631454825588
2.0	0.6737012332116261
1.0	1.9300612304015496
1.0	-0.24110864258160003
2.0	1.564149054055
1.0	0.5940625600920211
1.0	0.05219387747083781
2.0	0.3978305266997819
2.0	4.228572848389817
3.0	2.421733554794727
1.0	1.421118857728371
3.0	3.8786758540724517
1.0	-0.5193981945095074
1.0	0.785267702163288
3.0	2.6404693596281326
3.0	3.1258798321188843
3.0	4.727497554401312
2.0	0.8128990133768403
2.0	3.512151578278897
3.0	2.4925382155126625
2.0	0.20616159349798258
1.0	0.9610712851452476
3.0	3.646432234170261
2.0	3.252913619409866
2.0	1.508190288624418
1.0	0.2575936637320627
1.0	-0.13208017192766053
2.0	2.466083929167972
2.0	0.7908253873336284
3.0	2.717980614261455
2.0	3.3204126440764523
3.0	3.5050430757341227
1.0	-0.026075791699261552
2.0	2.385468454681673
3.0	3.620220732379239
3.0	1.7242939752313027
1.0	2.8581461316840002
1.0	0.34570348465102196
2.0	2.238882534852781
1.0	0.770827181042048
1.0	1.5114752760514922
2.0	0.7679059383536697
1.0	2.7726887685368657
3.0	3.6566847500527775
1.0	-0.5424645486273529
1.0	1.8574627074089758
1.0	0.4008844999537351
2.0	0.496689748806143
1.0	2.0510954958734517
3.0	2.56192034485256
3.0	3.723771778808945
3.0	2.911491624126985
1.0	-0.8722746005723818
3.0	1.2481037719299513
2.0	2.672169971903615
3.0	2.6946572987197945
2.0	1.6048902127849347
1.0	-0.13899735053432227
3.0	3.211458654412459
2.0	1.4116678383514336
3.0	1.1742900963683018
2.0	-0.012749827054840068
1.0	-0.08175698148180355
2.0	3.4783872832995355
1.0	1.1075640518461547
1.0	2.5585063234024634
3.0	2.7662938358800098
3.0	2.92285686556079
2.0	2.7463706962901973
2.0	3.000336168314099
2.0	2.7589640191182214
3.0	2.027063817095176
1.0	0.7917781958513643
3.0	-0.24100873425984837
2.0	0.8309576973383535
3.0	2.6263205675271464
3.0	3.2755892623270997
1.0	0.22324084243272702
3.0	5.906771554993901
2.0	2.900945002296335
1.0	-0.02171599670625257
3.0	3.324729754232921
1.0	0.6035654423187389
3.0	3.391299864725722
2.0	1.430566432933118
1.0	0.38827328360392466
3.0	3.7951052947876
3.0	3.2155541543795394
2.0	0.3121976311690422
1.0	1.476751236979622
1.0	0.5846218714332235
1.0	0.3789049332952201
1.0	2.2340137304127583
1.0	-0.14622381407988416
1.0	2.168820993786499
3.0	3.5410590567561524
3.0	3.8662949765423638
3.0	1.4226660512689087
1.0	0.8231841492527396
3.0	4.90768145440349
3.0	3.912261161170436
1.0	2.067507349491188
3.0	3.0818603319646978
1.0	0.015412039552408663
1.0	0.6228301120861253
1.0	1.295710094632705
2.0	2.838958377934986
3.0	2.0458757131670633
2.0	1.4267234543517588
2.0	2.5226174697638997
3.0	2.7290292496887867
1.0	0.276078143028744
1.0	1.8022232347078169
2.0	2.9912120013724737
1.0	-1.435954391405688
1.0	1.3000022625159138
3.0	2.5134234310455255
1.0	0.4912423069345888
2.0	4.218549774299685
3.0	3.2381445786789937
2.0	1.2465991644147347
3.0	2.229414121807281
1.0	-0.09847484652587446
2.0	2.8260633070321046
2.0	2.4677487302422314
3.0	1.4181850244857273
2.0	3.796686322489312
2.0	4.07741935520488
3.0	3.649667006703849
3.0	3.345473413215895
2.0	3.1549990740611227
2.0	1.5507312116929273
2.0	0.34321150495233477
2.0	0.7582180025254839
2.0	1.730723373658664
1.0	1.5817846454897275
2.0	1.2774806160327907
2.0	1.1648211716455692
3.0	3.3218806902363966
1.0	0.36910781252664404
3.0	0.8202384076305425
2.0	2.8738230397770983
2.0	1.2996312956085234
1.0	1.582549885809108
2.0	1.7322059545773485
1.0	1.1830890676685268
2.0	3.3983985551433227
1.0	0.107978780253847
1.0	-0.06371462929514715
2.0	1.2538762650273463
3.0	3.5451730391887986
1.0	2.1827747314485313
3.0	2.5245148112041544
1.0	1.2574028097906065
1.0	2.1089416679764685
2.0	3.9299602257974726
2.0	2.5467786484963346
2.0	0.7538659686179545
1.0	-0.399975852845198
3.0	4.734234179494097
2.0	3.127773876791208
3.0	3.919047203422291
3.0	3.8193510464786717
2.0	3.2189678248035865
3.0	3.126667949237099
2.0	3.8166744854362546
3.0	2.1772810295425424
1.0	1.1464413160531923
1.0	2.135542058689464
2.0	3.2665799791108445
3.0	3.6666977076555494
3.0	3.187045632410254
2.0	3.499259718910584
1.0	1.4758723977166222
1.0	3.9842630616520585
1.0	1.4580263987172275
2.0	2.3790835028078696
1.0	0.9335011014420622
3.0	3.377852695274888
1.0	0.23247694734618252
2.0	2.643149203106045
3.0	4.9809793293214
3.0	1.9885917225348835
3.0	2.930780103630747
1.0	2.4101263123523546
3.0	2.1625639670686407
2.0	2.7680769923528903
3.0	1.7789071142941375
2.0	3.3439037726059597
1.0	2.28287836284155
1.0	0.43373256003288296
3.0	3.018418272669202
1.0	0.645944381975271
3.0	1.499344967975667
2.0	2.734403458819517
1.0	0.7502225126462279
2.0	1.8569900018686418
3.0	1.6197934746099112
1.0	0.7673969545585922
2.0	0.8482655875977576
2.0	1.8537229795542034
2.0	2.741315012732027
2.0	2.0762673271978818
2.0	2.1327687443965235
3.0	4.551727528628505
2.0	4.596461903522126
1.0	0.19826191069933696
3.0	2.755222587076304
1.0	3.5746486971534264
3.0	1.9747197486421615
3.0	3.630846766448953
2.0	0.324455188530413
1.0	0.7806972018636462
1.0	1.8782983801296005
2.0	2.9882186622684856
2.0	0.8681259499190686
1.0	1.8702764088845627
3.0	3.950585181044195
2.0	0.09869047758829752
2.0	2.29294443531506
3.0	1.9946089824146904
2.0	2.6342536778841668
3.0	3.280163537098137
2.0	1.2668353024747008
3.0	3.575827913909917
2.0	2.9524322526274593
2.0	1.1291901778099138
2.0	1.9895333085378415
1.0	1.4986139027545957
1.0	0.636974367108044
1.0	0.7666281281969153
3.0	3.436285312548176
3.0	3.1994726126698616
3.0	3.1811126997897867
2.0	2.6425811335209217
1.0	1.0126043126802085
2.0	0.43947669706826087
1.0	2.337845223792753
3.0	1.5895338017600764
2.0	3.8888844964447875
1.0	0.0759006729158439
3.0	3.9561831218131407
2.0	2.211168310024917
1.0	0.4128673017601181
3.0	3.3817139198162898
3.0	2.997467627058456
1.0	2.755915111612638
1.0	1.19746859266639
1.0	0.05323727141615042
3.0	3.952682555101221
3.0	3.7355507263881487
3.0	3.478884926318917
2.0	2.701222650952194
2.0	2.5227991333735464
1.0	1.7661193478372041
1.0	0.783772029436799
1.0	1.616988015051494
1.0	2.946215969377911
3.0	3.4198240129912585
1.0	0.989155723916853
1.0	-0.23397084838499116
2.0	1.4812947217437267
1.0	1.5471045904413159
3.0	2.898301148151076
3.0	3.26503002200686
2.0	0.5234548417182572
3.0	3.558278918271634
1.0	0.7866813222425971
1.0	1.6033194633300778
2.0	1.945522383674013
2.0	2.0696579441974827
1.0	1.073566299897251
2.0	1.8536744649491859
2.0	0.35320540851840154
2.0	1.7507669443311775
2.0	2.0704333514252253
3.0	2.400239981849334
1.0	0.6214457898662897
1.0	2.419793177460612
3.0	3.346375408021153
1.0	-0.2646590783146703
3.0	3.058468510549219
1.0	2.545710093743407
1.0	2.0802907855624984
1.0	1.9302387112756878
2.0	3.07018543480555
2.0	2.699634793833695
2.0	3.9200146191617344
3.0	2.041830276889984
1.0	1.174949573025892
2.0	1.2327444445039633
3.0	3.0637965100625877
1.0	-0.4924724226453392
3.0	2.8616263894676073
1.0	1.8087250706254054
1.0	1.024196192658852
3.0	2.776005114722214
1.0	0.697103291897939
1.0	-1.5116673004744436
1.0	1.3993020518629886
3.0	3.5683274662558797
2.0	2.6813921411438644
3.0	3.194700662116684
1.0	1.492770082526077
2.0	2.287849957509939
3.0	3.118921874039145
2.0	1.064247940752129
3.0	2.8224834659300706
3.0	2.7929603045680125
3.0	4.017957588031857
1.0	0.741699689034081
3.0	4.818988612190662
3.0	3.9276504973846444
2.0	3.64319040327495
3.0	3.064730781304987
1.0	-0.7364320581122481
1.0	-1.0896066323341858
1.0	0.271326890600611
2.0	1.0898344682326675
1.0	0.6289328503414957
2.0	0.8054432123969057
1.0	1.4099391438305606
2.0	2.9358625793280226
3.0	3.05584792936201
1.0	1.1031103217220501
1.0	0.680603607463097
3.0	1.9087777821215186
2.0	2.139983108806863
2.0	1.5841774591572517
1.0	0.43603747829966766
1.0	0.542372347247331
2.0	1.5938436427476093
1.0	-0.5853253520959434
2.0	2.65463236495923
1.0	0.899581056902562
2.0	2.611514537479339
2.0	2.3360339586470467
2.0	2.7854828875848545
3.0	2.5045091675245605
2.0	2.363673066740226
2.0	2.3884670129601617
3.0	3.1665892127214774
3.0	2.859425692086096
3.0	2.905720972853612
3.0	4.113965354710807
2.0	2.8066065573889913
3.0	3.255113464647437
1.0	0.8018135860304688
2.0	3.221201295276394
2.0	3.2181656112555177
1.0	2.665040113083573
2.0	1.857645724922147
3.0	2.793393076115709
3.0	1.5775098942809709
2.0	1.5751324834817226
3.0	3.0848556106391163
3.0	3.470468828598688
1.0	1.5546148035171217
3.0	5.464415360025842
1.0	0.6206520333568515
3.0	4.067303012322261
1.0	1.2395647876592337
1.0	0.5782278143421039
3.0	3.2717439196719065
2.0	1.8784395507551572
3.0	3.8569395833621254
1.0	2.4995912519409114
1.0	1.9705393117033676
3.0	3.4097676598091997
2.0	1.4147101959645159
2.0	3.8975893346317343
1.0	-0.3332911952829174
1.0	1.4292432383258693
1.0	1.4267534290567347
3.0	2.6457009215235288
2.0	2.3000017148946
2.0	2.7901367044890684
2.0	1.1571717894087583
2.0	1.3879582393438268
3.0	3.4479808252932678
1.0	0.011724702013368393
2.0	0.45621798863160956
3.0	0.9465020584186967
3.0	3.098581942707024
3.0	1.6890819567302595
2.0	1.8564675719877375
1.0	0.9792542942377073
1.0	-0.8881249002969238
1.0	0.6978421526913641
1.0	1.800495940649376
2.0	1.8163096192220765
2.0	1.9028474225295942
1.0	0.5591879503800675
1.0	1.524969807254713
2.0	1.6461572610725022
1.0	0.6064475638636178
1.0	2.063849809040785
1.0	0.8128138682892979
2.0	1.009483540801992
1.0	1.4643181385483908
3.0	2.1508518824495617
2.0	3.546921819906334
3.0	3.923759034116869
1.0	0.6684609257550498
3.0	3.281817975393004
1.0	1.9545193701753365
2.0	1.4532805887435338
3.0	4.3295625120918615
2.0	1.6633087248802356
1.0	1.7657471959588982
2.0	3.4398634703661766
3.0	3.669563520449365
1.0	1.9004973063880886
2.0	1.1321281443911664
1.0	1.5930835675570467
2.0	1.7476554995708555
3.0	2.2473233112290547
3.0	2.8219229261234795
1.0	2.989843494551504
3.0	2.873768754560799
3.0	2.528140703877493
3.0	3.3063491264341343
3.0	3.167685049492552
1.0	-0.4077033919300068
2.0	3.467176955656374
2.0	1.7907193171683768
3.0	3.401401648148319
1.0	2.2557572950830336
3.0	1.7470894175796232
2.0	1.5482587305475506
1.0	0.6284718732780503
3.0	2.960791864540975
2.0	2.3490955369172597
2.0	2.416948265224033
2.0	1.5802350566804357
2.0	2.535878690731433
2.0	2.2813133519673574
2.0	-0.036470963904966514
2.0	3.451557554119826
3.0	2.520751571305203
1.0	2.0734755872018473
1.0	0.8065558511975625
1.0	2.310537254508017
3.0	4.3645726172034625
2.0	3.530512608496302
2.0	0.8877121749286498
2.0	1.130111636349691
2.0	2.916514077285411
2.0	2.8754104407136767
2.0	3.666944021054408
3.0	0.4825545914443681
1.0	0.2679974595154381
2.0	1.37595156273939
3.0	3.732891976895834
1.0	2.351262736756959
3.0	3.579254319639083
1.0	-0.4349336437216744
1.0	1.5216893912694052
3.0	3.272549391347108
1.0	0.9183112951758822
3.0	0.2983769478993197
2.0	2.0805288169361758
1.0	1.9996753803084948
2.0	2.49607523021496
1.0	1.4890928686353024
3.0	3.1351525743521598
1.0	-0.19740783883731217
3.0	3.5573905880207835
3.0	3.65246943057098
2.0	0.8321199261175718
3.0	2.5269301813690808
3.0	4.064643150893386
2.0	2.793244933852783
3.0	4.117677222599988
2.0	0.9878756230078474
3.0	2.3322417558639277
3.0	1.7550069509629624
2.0	1.9544143646487349
3.0	1.3000155523034356
2.0	1.913298673155711
2.0	1.8248951473957225
3.0	2.555211312804843
1.0	0.09240272948206074
2.0	0.6999197350313671
3.0	3.9431769122097613
2.0	2.4562854099226215
1.0	1.9843778862614525
3.0	4.40656152566025
1.0	-0.09987707729828021
2.0	3.9093372965645403
3.0	4.297003624897704
1.0	0.5738775413780761
1.0	1.3933192983963532
3.0	1.1207138328497177
3.0	1.8357137037875937
1.0	2.650495402247291
2.0	1.0737617799981725
2.0	1.9088731570833184
3.0	3.275626666585533
1.0	0.8782350396771264
1.0	-0.6592024294677536
2.0	1.4956245117237652
1.0	-2.0143101132651284
3.0	3.003269415681259
3.0	2.6688654621926675
2.0	0.31492626348643005
2.0	2.3152206202239736
2.0	3.9063411665491428
1.0	0.4399863152292566
3.0	4.761830797047799
2.0	3.816022446293669
1.0	0.43380097077768376
1.0	0.3677688143520368
2.0	3.244828519521173
1.0	2.5770205822639065
1.0	0.3317208687909394
3.0	3.4532517257042845
2.0	1.4066746116487325
1.0	-0.5620135206395911
2.0	2.2122109521183577
2.0	2.9048659130657404
1.0	0.5929319831575042
1.0	2.279972147163199
3.0	3.9986311353113306
3.0	4.192444236267519
2.0	2.0738405342417257
3.0	2.5294466710152346
1.0	1.5043604221061038
1.0	-0.059161584813004486
3.0	2.566646436365536
2.0	2.137516836692419
2.0	2.2562222543093786
2.0	1.064352287919815
3.0	3.6663060269462044
1.0	1.6926686911209337
3.0	3.633800824187026
1.0	0.6238094940953198
3.0	1.326993168768911
3.0	3.0253005133570996
2.0	2.1588151140460385
2.0	1.894677284598359
1.0	-0.06238209471705636
2.0	0.02285016460739797
1.0	0.0944948878480023
3.0	3.525716543257043
2.0	2.453923618047005
2.0	1.0096560898355822
2.0	2.833141683045132
1.0	1.2475220067160555
3.0	0.3616839623338284
2.0	2.4376697601673305
1.0	0.17136719244360488
1.0	0.379928337707127
1.0	2.35976647118221
1.0	0.9402818659124367
3.0	2.2775544504784713
2.0	2.6626441938727234
3.0	3.715455631661424
1.0	0.6837105160686897
2.0	1.6396417643737442
1.0	1.5757895461391958
2.0	1.7910344942341412
2.0	2.031604871635586
2.0	1.284290995736929
2.0	1.5771815704094345
3.0	2.283410146495679
1.0	3.0881801584352617
3.0	1.0746122264049327
3.0	1.2664474036882964
3.0	3.7167184228067915
1.0	-0.1725489255918129
1.0	0.4629902769941667
3.0	4.376793614803578
3.0	2.2760719873482365
1.0	0.5308392271590311
3.0	0.9936088106496532
1.0	-0.6076766155269677
1.0	2.429088429203036
2.0	1.3689537379683003
1.0	1.642395356464053
3.0	2.2617391869687355
1.0	1.7447436786493253
1.0	0.4756090592413329
3.0	1.3594157843286416
2.0	1.888119553528751
1.0	0.7327057729922171
2.0	2.717727182433006
3.0	3.365731533445783
2.0	2.1014958510332735
3.0	3.4009967753487476
2.0	1.782848735240267
3.0	2.1412000250188847
3.0	4.04197802716075
1.0	0.6862301785802171
3.0	2.7183977201911205
3.0	2.2544046301085934
2.0	3.548060815436565
3.0	2.7811615024987564
3.0	2.3530635027292077
3.0	3.376995341874636
3.0	3.0305927330859537
1.0	0.6173777202311431
1.0	0.443406259206087
1.0	0.29604713656706616
2.0	2.654070926806547
1.0	2.133361306131978
1.0	1.081896199159802
3.0	3.419658766130005
2.0	2.451786680229955
1.0	1.5417795837017394
1.0	2.659180158508782
1.0	1.3162108644749846
1.0	1.2018219115483384
2.0	1.4604879808095734
3.0	3.9019840643129426
2.0	2.8169697204031405
1.0	0.5134402124981239
1.0	1.3000172048011274
1.0	1.4519863732080969
2.0	3.9271710605378076
2.0	1.563037485289685
1.0	1.2354887914031298
3.0	2.2990215613537295
1.0	1.2211305364332012
1.0	-0.9505991708769737
1.0	1.836545513725461
1.0	0.39619665002364
2.0	1.8300435749343695
3.0	2.4518530283064592
1.0	1.1982671329753534
3.0	4.866915980256673
3.0	3.831843149530564
1.0	1.4584415403167046
3.0	2.424979184124161
2.0	1.8435967528500985
3.0	0.8208894973151049
2.0	1.1411365806535518
3.0	3.7883609203095228
2.0	-0.1627071222806915
3.0	2.6326746462583315
2.0	3.8289075434911473
2.0	2.052747777387897
3.0	4.639717329827875
3.0	1.892699345296983
1.0	1.5854380057883173
2.0	1.7013385098340528
3.0	2.2689540787341413
1.0	2.0341517398538107
2.0	2.143458965333074
3.0	1.9817428711283018
3.0	1.889935338406262
2.0	2.3171727143985126
1.0	0.46536052033338593
3.0	1.8934959392029342
3.0	3.415336467021915
2.0	1.492611697848976
1.0	0.3328798323376325
1.0	0.45595943562886165
3.0	4.4043368915365555
3.0	1.898350424780469
3.0	3.11300490316869
2.0	2.2665889988116534
3.0	1.8881346578844727
3.0	3.3558718230450637
2.0	0.6322980547162227
1.0	0.2921452023961577
1.0	0.48434376038520066
1.0	-0.13904236116582336
1.0	1.3852561618725183
2.0	3.0153548549761093
